0,1,1
1,1,2
2,1,3
3,61,1
4,197,3
5,61,109
6,197,239
7,197,19
8,9,19
9,101,19
10,163,19
11,9,18
12,163,209
13,11,18
14,11,23
15,11,24
16,33,24
17,57,23
18,81,23
19,33,57
20,33,44
21,33,58
22,57,97
23,57,98
24,57,99
25,57,100
26,81,27
27,81,78
28,12,27
29,25,44
30,46,27
31,46,78
32,63,98
33,78,78
34,84,44
35,91,97
36,98,44
37,137,44
38,141,27
39,147,78
40,174,44
41,175,44
42,12,25
43,12,26
44,25,45
45,46,77
46,46,79
47,63,111
48,78,130
49,78,131
50,91,143
51,137,188
52,141,77
53,141,152
54,141,191
55,147,199
56,174,224
57,67,25
58,67,26
59,106,152
60,134,152
61,169,188
62,170,152
63,177,131
64,67,114
65,67,115
66,106,39
67,134,185
68,134,47
69,169,217
70,169,136
71,169,218
72,170,43
73,170,219
74,177,225
75,177,226
76,22,39
77,24,43
78,27,47
79,65,47
80,77,47
81,85,136
82,122,47
83,144,115
84,171,218
85,172,218
86,187,39
87,221,39
88,22,37
89,22,38
90,22,40
91,85,134
92,85,135
93,122,29
94,144,157
95,144,193
96,144,194
97,144,195
98,144,196
99,171,32
100,172,220
101,172,221
102,172,222
103,172,118
104,221,203
105,221,52
106,221,142
107,221,14
108,221,252
109,6,14
110,16,29
111,19,32
112,30,38
113,30,37
114,31,52
115,40,37
116,40,38
117,52,52
118,68,118
119,69,14
120,70,52
121,88,52
122,90,142
123,92,52
124,96,52
125,104,32
126,112,157
127,114,52
128,115,52
129,121,37
130,121,38
131,136,118
132,138,157
133,138,38
134,138,37
135,139,37
136,139,38
137,143,157
138,146,52
139,156,203
140,160,52
141,176,52
142,189,52
143,209,52
144,214,37
145,214,38
146,219,52
147,223,203
148,224,142
149,225,142
150,225,52
151,226,203
152,227,142
153,6,13
154,16,28
155,19,30
156,19,31
157,19,33
158,31,53
159,31,54
160,40,67
161,52,83
162,52,84
163,52,85
164,52,86
165,52,87
166,52,88
167,52,89
168,52,67
169,52,90
170,52,17
171,68,116
172,68,108
173,68,117
174,68,119
175,68,120
176,69,121
177,70,122
178,70,123
179,90,140
180,90,141
181,92,46
182,96,122
183,96,53
184,104,91
185,114,159
186,114,12
187,115,160
188,121,170
189,136,187
190,136,110
191,143,178
192,146,198
193,146,123
194,160,9
195,160,207
196,176,123
197,189,158
198,189,75
199,209,123
200,209,246
201,209,110
202,214,250
203,223,253
204,224,254
205,224,255
206,225,256
207,225,158
208,226,156
209,227,84
210,227,257
211,4,9
212,5,12
213,8,17
214,13,28
215,17,28
216,26,46
217,28,46
218,37,33
219,38,12
220,45,75
221,47,30
222,48,33
223,49,53
224,49,67
225,51,33
226,53,91
227,54,91
228,60,108
229,62,110
230,73,110
231,74,119
232,76,110
233,79,46
234,87,121
235,99,67
236,100,30
237,100,31
238,103,33
239,105,33
240,107,87
241,109,46
242,111,156
243,113,158
244,117,156
245,118,13
246,124,9
247,126,156
248,127,178
249,153,67
250,154,122
251,159,90
252,161,9
253,164,156
254,165,121
255,166,30
256,167,159
257,179,117
258,183,33
259,184,9
260,185,30
261,185,31
262,191,30
263,191,31
264,192,141
265,196,67
266,201,91
267,201,67
268,215,84
269,217,108
270,218,108
271,4,8
272,4,6
273,4,7
274,4,10
275,5,11
276,13,4
277,28,48
278,28,49
279,38,65
280,45,41
281,45,76
282,47,70
283,51,82
284,54,92
285,74,126
286,79,132
287,87,138
288,87,139
289,99,148
290,99,149
291,99,94
292,100,125
293,103,150
294,105,151
295,107,51
296,107,153
297,107,36
298,111,155
299,118,164
300,118,165
301,118,16
302,118,15
303,124,171
304,124,172
305,124,173
306,124,174
307,124,175
308,124,176
309,126,177
310,127,16
311,153,72
312,153,41
313,154,201
314,159,206
315,161,182
316,164,210
317,164,211
318,166,212
319,166,213
320,167,214
321,167,215
322,179,228
323,179,229
324,184,232
325,184,154
326,185,233
327,191,235
328,192,236
329,192,237
330,196,238
331,201,242
332,218,251
333,2,4
334,3,6
335,3,7
336,7,15
337,7,16
338,14,4
339,15,4
340,18,4
341,20,6
342,21,36
343,23,41
344,29,51
345,32,41
346,36,48
347,41,70
348,43,72
349,50,15
350,50,16
351,55,94
352,56,4
353,66,16
354,72,125
355,80,92
356,82,76
357,83,6
358,93,16
359,94,16
360,94,15
361,102,15
362,102,16
363,108,154
364,125,125
365,128,175
366,129,139
367,131,182
368,132,7
369,132,6
370,133,10
371,142,48
372,150,94
373,152,201
374,155,125
375,158,16
376,162,182
377,168,41
378,180,6
379,181,70
380,182,15
381,182,16
382,186,41
383,188,232
384,190,172
385,193,70
386,194,76
387,195,6
388,195,7
389,200,41
390,203,70
391,206,16
392,207,51
393,208,175
394,212,6
395,216,6
396,222,7
397,222,6
398,228,6
399,2,5
400,21,34
401,21,35
402,23,42
403,29,50
404,32,55
405,32,56
406,36,64
407,41,68
408,41,69
409,41,21
410,43,66
411,50,80
412,50,81
413,55,93
414,56,95
415,56,96
416,66,113
417,80,133
418,93,144
419,94,145
420,108,137
421,128,179
422,129,180
423,132,183
424,132,184
425,132,163
426,142,192
427,150,93
428,152,200
429,155,202
430,158,205
431,162,208
432,168,59
433,168,216
434,180,183
435,181,230
436,181,231
437,186,234
438,186,63
439,200,241
440,200,128
441,203,71
442,206,144
443,206,244
444,207,245
445,212,249
446,212,183
447,212,184
448,10,21
449,34,59
450,35,63
451,39,66
452,42,71
453,75,128
454,86,137
455,97,80
456,116,163
457,123,96
458,123,95
459,130,163
460,135,59
461,140,63
462,151,200
463,178,64
464,199,64
465,204,113
466,211,163
467,220,113
468,10,20
469,10,22
470,34,60
471,35,61
472,35,62
473,75,127
474,75,129
475,97,147
476,116,161
477,116,162
478,130,181
479,135,186
480,140,189
481,140,190
482,151,102
483,178,74
484,178,227
485,199,167
486,211,247
487,211,248
488,44,74
489,58,102
490,89,102
491,119,162
492,120,167
493,145,147
494,149,189
495,173,147
496,198,167
497,210,167
498,44,73
499,58,101
500,58,103
501,120,166
502,120,168
503,120,169
504,145,197
505,173,197
506,173,223
507,198,240
508,198,106
509,59,106
510,148,103
511,59,104
512,59,105
513,59,107
514,148,146
515,95,146
516,110,104
517,95,112
518,64,112
519,205,112
520,205,243
521,202,243
522,202,124
523,202,204
524,71,124
525,157,204
526,213,124
