0,1,1
1,1,2
2,1,3
3,1,4
4,1,5
5,1,6
6,1,7
7,1,8
8,1,9
9,1,10
10,1,11
11,1,12
12,1,13
13,1,14
14,1,15
15,1,16
16,1,17
17,1,18
18,1,19
19,1,20
20,108,6
21,108,11
22,108,12
23,108,14
24,108,15
25,108,16
26,108,18
27,113,5
28,113,9
29,113,13
30,108,1384
31,108,1385
32,108,1386
33,108,1387
34,108,1388
35,108,1389
36,108,1390
37,113,1409
38,113,1410
39,113,1411
40,113,1412
41,113,1413
42,113,1414
43,113,1415
44,113,1416
45,113,292
46,113,1417
47,113,1418
48,113,1419
49,113,1420
50,113,1421
51,113,1422
52,113,1423
53,113,819
54,113,821
55,113,824
56,113,1424
57,113,1425
58,113,825
59,113,1426
60,113,1427
61,113,1428
62,113,1429
63,20,292
64,49,819
65,49,821
66,49,824
67,49,825
68,109,1384
69,109,1385
70,110,1384
71,110,1385
72,114,1409
73,20,289
74,20,99
75,20,290
76,20,291
77,20,293
78,20,294
79,20,295
80,20,296
81,20,297
82,20,298
83,20,299
84,20,300
85,20,301
86,20,302
87,20,303
88,20,304
89,20,305
90,49,803
91,49,804
92,49,805
93,49,806
94,49,807
95,49,808
96,49,809
97,49,810
98,49,811
99,49,812
100,49,813
101,49,814
102,49,815
103,49,816
104,49,817
105,49,818
106,49,820
107,49,822
108,49,823
109,49,826
110,49,827
111,49,828
112,49,829
113,110,1391
114,110,1392
115,110,1393
116,114,1430
117,114,1431
118,114,1432
119,114,558
120,114,1433
121,114,563
122,114,1434
123,114,1435
124,114,1436
125,114,1437
126,114,1438
127,114,1439
128,114,1440
129,114,1441
130,114,1442
131,6,99
132,36,558
133,36,563
134,48,803
135,50,803
136,50,804
137,50,805
138,50,806
139,50,807
140,50,808
141,50,809
142,50,811
143,50,812
144,50,813
145,50,818
146,73,815
147,158,297
148,158,298
149,158,305
150,189,1430
151,189,1437
152,189,1440
153,190,1430
154,190,1437
155,190,1440
156,190,1442
157,201,297
158,201,298
159,202,818
160,202,823
161,6,98
162,6,100
163,6,101
164,6,102
165,6,103
166,6,104
167,6,105
168,6,106
169,6,107
170,6,108
171,36,517
172,36,551
173,36,552
174,36,521
175,36,522
176,36,523
177,36,553
178,36,554
179,36,555
180,36,556
181,36,557
182,36,526
183,36,559
184,36,560
185,36,561
186,36,562
187,36,564
188,36,565
189,36,566
190,36,567
191,36,568
192,36,569
193,36,570
194,36,571
195,36,572
196,36,573
197,36,574
198,36,575
199,36,576
200,36,577
201,36,578
202,36,579
203,50,830
204,50,831
205,50,832
206,50,833
207,50,834
208,50,835
209,50,836
210,50,837
211,50,838
212,50,839
213,50,840
214,50,841
215,50,842
216,73,978
217,73,979
218,73,980
219,73,981
220,73,982
221,73,983
222,73,984
223,73,985
224,73,986
225,158,1872
226,158,1873
227,158,1874
228,158,1875
229,189,2158
230,189,2159
231,189,2160
232,189,2161
233,189,2162
234,189,2163
235,189,2164
236,189,2165
237,189,2166
238,189,2167
239,189,2168
240,189,2169
241,189,2170
242,189,1579
243,189,2171
244,189,2172
245,189,2173
246,190,2158
247,190,2174
248,190,2159
249,190,2175
250,190,2176
251,190,2177
252,190,2178
253,190,2179
254,190,2180
255,190,2027
256,190,2028
257,190,677
258,190,2164
259,190,2181
260,190,2166
261,190,85
262,190,2182
263,190,91
264,190,2171
265,190,2183
266,190,2173
267,190,93
268,201,2243
269,202,2243
270,202,2244
271,202,2245
272,202,2246
273,202,2247
274,202,983
275,202,2248
276,202,2249
277,202,2250
278,202,984
279,202,985
280,202,2251
281,202,986
282,202,2252
283,202,2253
284,202,2254
285,202,2255
286,202,2256
287,202,2257
288,202,2258
289,4,85
290,4,91
291,4,93
292,25,85
293,34,517
294,35,521
295,35,522
296,35,523
297,35,526
298,42,564
299,42,570
300,42,578
301,44,677
302,44,566
303,74,978
304,74,980
305,74,985
306,74,85
307,75,978
308,75,551
309,75,552
310,75,980
311,75,559
312,75,561
313,75,562
314,75,565
315,75,578
316,124,1579
317,139,677
318,139,566
319,157,1872
320,174,2027
321,174,2028
322,207,559
323,4,21
324,4,78
325,4,24
326,4,25
327,4,79
328,4,26
329,4,27
330,4,30
331,4,31
332,4,32
333,4,33
334,4,34
335,4,37
336,4,38
337,4,39
338,4,80
339,4,41
340,4,43
341,4,44
342,4,45
343,4,46
344,4,48
345,4,81
346,4,82
347,4,83
348,4,84
349,4,86
350,4,53
351,4,87
352,4,88
353,4,89
354,4,90
355,4,64
356,4,65
357,4,74
358,4,92
359,4,94
360,25,411
361,25,412
362,25,245
363,25,413
364,25,414
365,25,415
366,25,416
367,25,246
368,25,417
369,25,418
370,25,419
371,25,420
372,25,421
373,25,422
374,25,423
375,25,424
376,25,425
377,25,426
378,25,427
379,25,428
380,25,429
381,25,430
382,34,516
383,34,518
384,34,519
385,34,520
386,35,516
387,35,524
388,35,525
389,35,527
390,35,528
391,35,223
392,35,529
393,35,224
394,35,530
395,35,225
396,35,531
397,35,532
398,35,227
399,35,533
400,35,534
401,35,518
402,35,535
403,35,519
404,35,536
405,35,266
406,35,537
407,35,538
408,35,539
409,35,540
410,35,236
411,35,541
412,35,542
413,35,543
414,35,544
415,35,545
416,35,546
417,35,547
418,35,548
419,35,549
420,35,550
421,42,656
422,42,657
423,42,658
424,42,659
425,42,660
426,44,656
427,44,669
428,44,661
429,44,670
430,44,662
431,44,671
432,44,672
433,44,673
434,44,674
435,44,675
436,44,676
437,44,678
438,44,679
439,44,680
440,44,681
441,44,682
442,44,683
443,44,684
444,44,685
445,74,987
446,74,988
447,74,989
448,74,990
449,74,83
450,74,88
451,74,89
452,74,90
453,74,92
454,74,94
455,75,991
456,75,987
457,75,992
458,75,993
459,75,994
460,75,990
461,75,995
462,75,996
463,75,997
464,75,998
465,75,999
466,75,1000
467,75,1001
468,75,1002
469,124,1522
470,124,1525
471,124,1526
472,124,1527
473,124,1528
474,124,1529
475,124,1503
476,124,1530
477,124,1531
478,124,1532
479,124,1533
480,124,1534
481,124,1535
482,124,1536
483,124,1537
484,124,1538
485,124,1539
486,124,1540
487,124,1541
488,124,1542
489,124,1543
490,124,1544
491,124,1545
492,124,1546
493,124,1547
494,124,1548
495,124,1549
496,124,1550
497,124,376
498,124,1551
499,124,1552
500,124,1553
501,124,1554
502,124,1555
503,124,1556
504,124,1557
505,124,1558
506,124,1559
507,124,641
508,124,1560
509,124,1561
510,124,1562
511,124,1563
512,124,1564
513,124,1565
514,124,1566
515,124,1567
516,124,1568
517,124,1569
518,124,1570
519,124,1571
520,124,1572
521,124,1573
522,124,1574
523,124,1575
524,124,1576
525,124,1577
526,124,1578
527,124,646
528,124,1580
529,124,1581
530,124,1582
531,124,1583
532,124,1584
533,124,1585
534,124,1586
535,124,1587
536,124,1588
537,124,1589
538,124,1590
539,124,1591
540,124,1592
541,124,651
542,124,652
543,139,669
544,139,670
545,139,671
546,139,674
547,139,1719
548,174,2024
549,174,2025
550,174,2026
551,174,2029
552,174,2030
553,174,2031
554,207,2289
555,207,2303
556,207,2304
557,207,2305
558,207,2306
559,207,2300
560,207,325
561,2,21
562,2,24
563,2,25
564,2,26
565,2,27
566,2,30
567,2,31
568,2,32
569,2,33
570,2,34
571,2,37
572,2,38
573,2,39
574,2,41
575,2,43
576,2,44
577,2,45
578,2,46
579,2,48
580,2,53
581,2,64
582,2,65
583,2,74
584,3,21
585,3,30
586,3,31
587,3,33
588,5,48
589,14,223
590,14,224
591,14,225
592,14,227
593,14,236
594,16,245
595,16,246
596,17,266
597,21,325
598,24,376
599,39,641
600,39,646
601,39,651
602,39,652
603,43,656
604,43,661
605,43,662
606,47,430
607,99,236
608,120,1503
609,123,1522
610,143,676
611,143,678
612,149,1527
613,173,1548
614,173,1553
615,180,540
616,181,525
617,181,540
618,182,988
619,186,993
620,191,533
621,191,536
622,191,541
623,192,533
624,192,536
625,196,1560
626,206,2289
627,206,2300
628,208,2289
629,208,2300
630,208,325
631,2,22
632,2,23
633,2,28
634,2,29
635,2,35
636,2,36
637,2,40
638,2,42
639,2,47
640,2,49
641,2,50
642,2,51
643,2,52
644,2,54
645,2,55
646,2,56
647,2,57
648,2,58
649,2,59
650,2,60
651,2,61
652,2,62
653,2,63
654,2,66
655,2,67
656,2,68
657,2,69
658,2,70
659,2,71
660,2,72
661,2,73
662,2,75
663,2,76
664,3,23
665,3,77
666,5,22
667,5,29
668,5,95
669,5,96
670,5,40
671,5,97
672,14,203
673,14,213
674,14,214
675,14,215
676,14,216
677,14,217
678,14,218
679,14,219
680,14,220
681,14,221
682,14,222
683,14,226
684,14,228
685,14,229
686,14,230
687,14,231
688,14,232
689,14,233
690,14,234
691,14,235
692,14,237
693,14,238
694,14,239
695,14,240
696,14,241
697,16,242
698,16,247
699,16,248
700,16,249
701,16,250
702,16,251
703,16,252
704,16,253
705,16,254
706,16,255
707,16,256
708,16,257
709,17,258
710,17,259
711,17,260
712,17,261
713,17,262
714,17,263
715,17,264
716,17,265
717,21,306
718,21,307
719,21,308
720,21,309
721,21,310
722,21,311
723,21,312
724,21,313
725,21,314
726,21,315
727,21,316
728,21,317
729,21,318
730,21,319
731,21,320
732,21,321
733,21,322
734,21,323
735,21,324
736,21,326
737,24,330
738,24,342
739,24,343
740,24,344
741,24,345
742,24,346
743,24,347
744,24,348
745,24,349
746,24,350
747,24,351
748,24,352
749,24,353
750,24,354
751,24,355
752,24,356
753,24,357
754,24,358
755,24,359
756,24,360
757,24,361
758,24,362
759,24,363
760,24,364
761,24,365
762,24,366
763,24,367
764,24,368
765,24,369
766,24,370
767,24,371
768,24,372
769,24,373
770,24,374
771,24,375
772,24,377
773,24,378
774,24,379
775,24,380
776,24,381
777,24,382
778,24,383
779,24,384
780,24,385
781,24,386
782,24,387
783,24,388
784,24,389
785,24,390
786,24,391
787,24,392
788,24,393
789,24,394
790,24,395
791,24,396
792,24,397
793,24,398
794,24,399
795,24,400
796,24,401
797,24,402
798,24,403
799,24,404
800,24,405
801,24,406
802,24,407
803,24,408
804,24,409
805,24,410
806,39,207
807,39,618
808,39,619
809,39,620
810,39,621
811,39,622
812,39,623
813,39,624
814,39,625
815,39,626
816,39,627
817,39,628
818,39,629
819,39,630
820,39,631
821,39,632
822,39,633
823,39,634
824,39,635
825,39,636
826,39,637
827,39,638
828,39,639
829,39,640
830,39,642
831,39,643
832,39,644
833,39,645
834,39,647
835,39,648
836,39,649
837,39,650
838,39,653
839,43,663
840,43,664
841,43,665
842,43,666
843,43,667
844,43,668
845,47,693
846,47,694
847,47,695
848,47,696
849,47,697
850,47,698
851,47,699
852,47,700
853,47,701
854,47,702
855,47,703
856,47,704
857,47,705
858,47,706
859,47,707
860,47,708
861,47,709
862,47,710
863,47,711
864,47,467
865,47,712
866,47,713
867,47,714
868,47,715
869,47,716
870,47,717
871,47,718
872,47,719
873,47,720
874,47,721
875,47,722
876,47,723
877,47,468
878,47,469
879,47,724
880,47,725
881,47,726
882,47,727
883,47,728
884,47,729
885,47,730
886,47,731
887,47,732
888,47,733
889,47,734
890,47,735
891,47,736
892,47,737
893,47,738
894,47,470
895,47,739
896,47,740
897,47,741
898,47,742
899,47,743
900,47,744
901,47,745
902,47,746
903,47,747
904,47,748
905,47,749
906,47,750
907,47,751
908,47,752
909,47,753
910,47,754
911,47,755
912,47,756
913,47,757
914,47,758
915,47,759
916,47,760
917,47,761
918,47,762
919,47,763
920,47,764
921,47,765
922,47,766
923,47,767
924,47,471
925,47,768
926,47,769
927,47,770
928,47,771
929,47,772
930,47,773
931,47,774
932,47,775
933,47,776
934,47,777
935,47,778
936,47,779
937,47,780
938,47,781
939,47,782
940,47,783
941,47,784
942,47,785
943,47,786
944,47,787
945,47,788
946,47,789
947,47,790
948,47,791
949,47,792
950,47,793
951,47,794
952,47,795
953,47,796
954,47,797
955,47,798
956,47,799
957,47,800
958,47,801
959,47,802
960,99,1229
961,99,1231
962,99,610
963,99,1232
964,99,1233
965,99,1234
966,99,1235
967,99,1236
968,99,1237
969,99,1238
970,99,238
971,99,239
972,99,1239
973,99,1240
974,120,1497
975,120,1498
976,120,1499
977,120,1500
978,120,1501
979,120,1096
980,120,1502
981,120,1504
982,120,1505
983,120,1506
984,123,1508
985,123,1523
986,123,1524
987,143,618
988,143,1742
989,143,621
990,143,622
991,143,1743
992,143,1744
993,143,1745
994,143,1746
995,143,1747
996,143,1748
997,143,1749
998,143,1750
999,143,1751
1000,143,1752
1001,143,1753
1002,143,1053
1003,143,1754
1004,143,593
1005,143,1755
1006,143,1055
1007,143,1082
1008,143,1756
1009,143,1757
1010,143,1758
1011,143,1759
1012,143,1760
1013,143,1761
1014,143,1762
1015,143,1048
1016,143,1763
1017,143,1764
1018,143,1765
1019,143,1766
1020,149,1813
1021,149,1626
1022,149,1819
1023,149,1820
1024,149,1821
1025,149,1814
1026,149,1822
1027,149,1823
1028,149,1636
1029,149,1824
1030,149,1825
1031,149,1815
1032,149,1826
1033,149,1827
1034,149,1828
1035,149,1816
1036,149,1817
1037,149,1818
1038,149,1829
1039,149,1830
1040,149,1831
1041,149,1832
1042,149,1833
1043,149,1834
1044,173,582
1045,173,1991
1046,173,189
1047,173,190
1048,173,1992
1049,173,1993
1050,173,1994
1051,173,1995
1052,173,1996
1053,173,260
1054,173,1997
1055,173,192
1056,173,1998
1057,173,1999
1058,173,2000
1059,173,194
1060,173,2001
1061,173,2002
1062,173,195
1063,173,198
1064,173,2003
1065,173,2004
1066,173,2005
1067,173,2006
1068,173,2007
1069,173,2008
1070,173,2009
1071,173,2010
1072,173,2011
1073,173,2012
1074,173,2013
1075,173,2014
1076,173,616
1077,173,2015
1078,173,2016
1079,173,2017
1080,173,2018
1081,173,2019
1082,173,2020
1083,173,2021
1084,173,2022
1085,173,2023
1086,180,2060
1087,180,2061
1088,180,1965
1089,180,2065
1090,180,2066
1091,180,2067
1092,181,2060
1093,181,2061
1094,181,2068
1095,181,1965
1096,181,2069
1097,181,2070
1098,181,2071
1099,181,2072
1100,181,2073
1101,181,2074
1102,181,2075
1103,181,2076
1104,181,2077
1105,181,2078
1106,181,2079
1107,181,2080
1108,181,2081
1109,181,2082
1110,181,2083
1111,181,2067
1112,181,2084
1113,181,2085
1114,181,2086
1115,181,2087
1116,181,2088
1117,182,2089
1118,182,2090
1119,182,2091
1120,182,2092
1121,182,2093
1122,182,2094
1123,182,2095
1124,182,2096
1125,182,2097
1126,182,2098
1127,182,2099
1128,182,2100
1129,182,2101
1130,182,2102
1131,182,2103
1132,182,2104
1133,182,2105
1134,182,2106
1135,182,2107
1136,182,2108
1137,182,2109
1138,182,2110
1139,182,2111
1140,182,2112
1141,182,2113
1142,182,2114
1143,182,2115
1144,182,1205
1145,182,2116
1146,182,2117
1147,182,2118
1148,182,2119
1149,182,2120
1150,182,2121
1151,182,2122
1152,182,2123
1153,182,2124
1154,182,2125
1155,182,1049
1156,182,2126
1157,186,2147
1158,186,2148
1159,186,2149
1160,186,2150
1161,186,2151
1162,186,2152
1163,186,2153
1164,186,2154
1165,186,2155
1166,186,2156
1167,186,1871
1168,186,2157
1169,191,2184
1170,191,2185
1171,191,2186
1172,191,234
1173,191,2187
1174,191,2188
1175,192,2184
1176,192,216
1177,192,2189
1178,192,2185
1179,192,1234
1180,192,2190
1181,192,2191
1182,192,2192
1183,192,1399
1184,192,2193
1185,192,2186
1186,192,2194
1187,192,2195
1188,192,2196
1189,192,2197
1190,192,1171
1191,192,2010
1192,192,1172
1193,192,234
1194,192,2198
1195,192,1178
1196,192,2199
1197,192,2200
1198,196,2207
1199,196,2215
1200,196,2208
1201,196,2210
1202,196,2216
1203,196,2211
1204,196,2217
1205,196,2212
1206,196,2218
1207,196,2219
1208,196,2220
1209,206,2290
1210,206,2291
1211,206,2292
1212,206,2293
1213,206,2294
1214,206,2295
1215,206,2296
1216,206,2297
1217,206,2298
1218,206,2299
1219,206,2301
1220,206,2302
1221,206,326
1222,208,2290
1223,208,2291
1224,208,2307
1225,208,2308
1226,208,2309
1227,208,2310
1228,208,2311
1229,208,2312
1230,208,2313
1231,208,2314
1232,208,2315
1233,208,2316
1234,208,2317
1235,208,2318
1236,208,2319
1237,208,2320
1238,208,2321
1239,208,2295
1240,208,2322
1241,208,2297
1242,208,320
1243,208,2323
1244,208,2324
1245,208,2325
1246,208,2326
1247,208,2327
1248,208,2328
1249,208,2302
1250,208,324
1251,208,326
1252,10,189
1253,10,190
1254,10,192
1255,10,194
1256,10,195
1257,10,198
1258,11,203
1259,12,203
1260,12,207
1261,13,203
1262,15,242
1263,18,258
1264,18,259
1265,19,258
1266,19,259
1267,19,260
1268,22,306
1269,22,308
1270,22,311
1271,22,312
1272,23,330
1273,29,467
1274,29,468
1275,29,469
1276,29,470
1277,29,471
1278,30,405
1279,37,582
1280,37,593
1281,38,610
1282,38,616
1283,40,207
1284,40,624
1285,40,627
1286,40,628
1287,40,639
1288,45,353
1289,45,354
1290,45,379
1291,45,381
1292,45,384
1293,45,389
1294,45,391
1295,45,395
1296,45,397
1297,45,406
1298,45,409
1299,45,410
1300,46,384
1301,46,395
1302,46,410
1303,80,1048
1304,80,1049
1305,81,1053
1306,81,1055
1307,82,757
1308,82,779
1309,84,1082
1310,86,1096
1311,90,701
1312,93,219
1313,93,1171
1314,93,1172
1315,93,1178
1316,95,213
1317,96,1205
1318,98,1229
1319,111,356
1320,111,357
1321,111,361
1322,111,364
1323,111,1399
1324,118,644
1325,119,355
1326,121,1497
1327,121,1499
1328,121,1500
1329,121,1508
1330,121,1504
1331,121,1505
1332,122,1497
1333,122,1500
1334,122,1504
1335,122,1505
1336,128,1626
1337,128,1636
1338,144,618
1339,144,619
1340,144,620
1341,144,621
1342,144,622
1343,144,626
1344,144,629
1345,144,633
1346,144,635
1347,144,636
1348,144,647
1349,145,618
1350,145,633
1351,145,255
1352,148,1813
1353,148,1814
1354,148,1636
1355,148,1815
1356,148,1816
1357,148,1817
1358,148,1818
1359,151,756
1360,151,769
1361,151,772
1362,154,1871
1363,168,1965
1364,172,582
1365,179,2060
1366,179,2061
1367,179,217
1368,179,222
1369,179,235
1370,183,2090
1371,187,2147
1372,188,2147
1373,193,2184
1374,193,216
1375,194,2207
1376,195,2207
1377,195,2208
1378,195,2210
1379,195,2211
1380,195,2212
1381,197,2207
1382,198,2207
1383,198,2208
1384,198,2210
1385,199,2191
1386,199,2193
1387,199,667
1388,205,695
1389,205,703
1390,205,704
1391,205,708
1392,205,756
1393,205,769
1394,205,772
1395,214,2065
1396,10,187
1397,10,188
1398,10,191
1399,10,193
1400,10,196
1401,10,197
1402,10,199
1403,10,200
1404,10,201
1405,10,202
1406,11,204
1407,11,205
1408,11,206
1409,12,208
1410,12,209
1411,12,210
1412,12,211
1413,12,212
1414,15,243
1415,15,244
1416,18,267
1417,18,268
1418,18,269
1419,18,270
1420,18,271
1421,18,272
1422,18,273
1423,18,274
1424,19,275
1425,19,276
1426,19,277
1427,19,278
1428,19,279
1429,19,280
1430,19,281
1431,19,282
1432,19,283
1433,19,284
1434,19,285
1435,19,286
1436,19,287
1437,19,288
1438,22,327
1439,22,328
1440,22,329
1441,23,331
1442,23,332
1443,23,333
1444,23,334
1445,23,335
1446,23,336
1447,23,337
1448,23,338
1449,23,339
1450,23,340
1451,23,341
1452,29,466
1453,30,472
1454,30,473
1455,30,474
1456,30,475
1457,30,476
1458,30,477
1459,30,478
1460,30,479
1461,30,480
1462,30,481
1463,30,482
1464,30,483
1465,37,580
1466,37,581
1467,37,583
1468,37,584
1469,37,585
1470,37,586
1471,37,587
1472,37,588
1473,37,589
1474,37,590
1475,37,591
1476,37,592
1477,37,594
1478,37,595
1479,37,596
1480,37,597
1481,37,598
1482,37,599
1483,37,600
1484,37,601
1485,37,602
1486,37,603
1487,37,604
1488,37,605
1489,37,606
1490,37,607
1491,38,580
1492,38,608
1493,38,609
1494,38,589
1495,38,611
1496,38,612
1497,38,613
1498,38,614
1499,38,615
1500,38,598
1501,38,457
1502,38,617
1503,40,654
1504,40,655
1505,45,686
1506,45,687
1507,45,688
1508,45,689
1509,45,690
1510,46,686
1511,46,687
1512,46,688
1513,46,691
1514,46,692
1515,80,1033
1516,80,1035
1517,80,1036
1518,80,1037
1519,80,1038
1520,80,1039
1521,80,1040
1522,80,1041
1523,80,1042
1524,80,1043
1525,80,1044
1526,80,1045
1527,80,1046
1528,80,1047
1529,81,1033
1530,81,1035
1531,81,1050
1532,81,1051
1533,81,1052
1534,81,1039
1535,81,1054
1536,81,1056
1537,81,1057
1538,81,1058
1539,82,1059
1540,82,1060
1541,82,1061
1542,82,1062
1543,82,1063
1544,82,1064
1545,82,1065
1546,82,1066
1547,82,1067
1548,82,1068
1549,82,1069
1550,82,1070
1551,82,1071
1552,82,1072
1553,84,1073
1554,84,1074
1555,84,1075
1556,84,1076
1557,84,1080
1558,84,1081
1559,84,1083
1560,84,1084
1561,84,1085
1562,84,1086
1563,84,1087
1564,84,1088
1565,84,1089
1566,86,1090
1567,86,1093
1568,86,1094
1569,86,1095
1570,86,1097
1571,86,1098
1572,86,1099
1573,86,1100
1574,86,1101
1575,86,1102
1576,86,1103
1577,86,1104
1578,86,1105
1579,86,1106
1580,86,1107
1581,86,1108
1582,86,1109
1583,90,1118
1584,90,1119
1585,90,1120
1586,90,1121
1587,90,1122
1588,90,1123
1589,90,1124
1590,90,1125
1591,90,1126
1592,90,1127
1593,90,1128
1594,90,1129
1595,90,1130
1596,90,1131
1597,90,1132
1598,90,1133
1599,90,1134
1600,90,1135
1601,90,1136
1602,93,1142
1603,93,1143
1604,93,1156
1605,93,1157
1606,93,1158
1607,93,1159
1608,93,1145
1609,93,1146
1610,93,1160
1611,93,1161
1612,93,1162
1613,93,1163
1614,93,1164
1615,93,1148
1616,93,1149
1617,93,1165
1618,93,1150
1619,93,1151
1620,93,1166
1621,93,1153
1622,93,1167
1623,93,1168
1624,93,1169
1625,93,1170
1626,93,1173
1627,93,1174
1628,93,1175
1629,93,1176
1630,93,1177
1631,93,1179
1632,93,1180
1633,95,963
1634,95,1181
1635,96,1182
1636,96,1183
1637,96,1184
1638,96,1185
1639,96,1186
1640,96,1187
1641,96,1188
1642,96,1189
1643,96,1190
1644,96,1191
1645,96,1192
1646,96,1193
1647,96,1194
1648,96,1195
1649,96,1196
1650,96,1197
1651,96,1198
1652,96,1199
1653,96,1200
1654,96,1201
1655,96,1202
1656,96,1203
1657,96,1204
1658,96,1206
1659,96,1207
1660,96,1208
1661,96,1209
1662,96,1210
1663,96,1211
1664,96,1212
1665,98,1230
1666,111,1394
1667,111,1395
1668,111,1396
1669,111,1397
1670,111,1398
1671,111,1400
1672,111,1401
1673,111,1402
1674,111,1403
1675,111,1404
1676,111,1405
1677,118,1452
1678,118,1455
1679,118,1456
1680,118,1457
1681,118,1458
1682,118,1459
1683,118,1460
1684,118,1453
1685,118,1461
1686,118,1462
1687,118,1463
1688,118,1464
1689,118,1465
1690,119,1466
1691,119,1467
1692,119,1468
1693,119,1469
1694,119,1470
1695,119,1471
1696,119,1472
1697,119,1473
1698,119,1474
1699,119,1475
1700,119,1476
1701,119,1477
1702,119,1478
1703,119,1479
1704,119,1480
1705,119,1481
1706,119,1482
1707,119,1483
1708,119,1484
1709,119,1303
1710,119,1485
1711,119,1486
1712,119,1487
1713,119,1488
1714,119,1489
1715,119,1490
1716,119,1491
1717,119,1492
1718,119,1493
1719,119,1494
1720,119,1495
1721,119,1496
1722,121,1507
1723,121,1509
1724,121,1510
1725,121,1511
1726,121,1480
1727,121,1512
1728,121,1513
1729,121,1514
1730,121,1483
1731,121,1515
1732,121,1303
1733,121,1516
1734,121,1517
1735,121,1518
1736,121,1519
1737,121,1520
1738,121,1521
1739,122,1510
1740,122,1511
1741,122,1512
1742,128,1616
1743,128,1360
1744,128,1627
1745,128,1628
1746,128,1629
1747,128,1630
1748,128,1631
1749,128,1632
1750,128,1620
1751,128,1633
1752,128,1634
1753,128,1635
1754,128,1637
1755,128,1638
1756,128,1639
1757,128,1640
1758,128,1641
1759,128,1642
1760,128,1643
1761,128,1644
1762,128,1645
1763,128,1646
1764,128,1647
1765,128,1648
1766,128,1649
1767,128,1650
1768,128,1651
1769,128,1652
1770,128,1653
1771,144,1767
1772,144,1768
1773,144,1769
1774,144,1770
1775,144,1771
1776,144,1772
1777,144,1773
1778,144,1774
1779,144,1775
1780,144,1776
1781,144,1777
1782,144,1778
1783,144,1779
1784,144,1780
1785,144,1781
1786,144,1782
1787,145,1720
1788,145,1721
1789,145,1783
1790,145,1769
1791,145,1784
1792,145,463
1793,145,446
1794,145,1785
1795,145,1786
1796,145,1787
1797,145,1788
1798,145,451
1799,145,1789
1800,145,453
1801,145,1790
1802,145,1791
1803,145,1792
1804,145,458
1805,145,1793
1806,151,1835
1807,151,1837
1808,151,1846
1809,151,1838
1810,151,1840
1811,151,1847
1812,151,1848
1813,151,1842
1814,151,1849
1815,151,1844
1816,151,1850
1817,154,1858
1818,154,1863
1819,154,1864
1820,154,1865
1821,154,1866
1822,154,1867
1823,154,1868
1824,154,1869
1825,154,1870
1826,168,1962
1827,168,1963
1828,168,1964
1829,168,1966
1830,168,1967
1831,168,1968
1832,168,1969
1833,168,1970
1834,168,1971
1835,172,1973
1836,172,1277
1837,172,1278
1838,172,1974
1839,172,611
1840,172,1975
1841,172,612
1842,172,1976
1843,172,613
1844,172,1977
1845,172,1978
1846,172,1262
1847,172,1979
1848,172,1980
1849,172,1981
1850,172,1982
1851,172,1983
1852,172,1984
1853,172,1985
1854,172,1986
1855,172,1987
1856,172,1988
1857,172,1989
1858,172,1990
1859,179,1151
1860,179,1153
1861,179,2062
1862,179,2063
1863,179,2064
1864,193,2201
1865,193,2202
1866,193,2203
1867,193,2204
1868,193,2205
1869,193,2206
1870,195,2209
1871,195,2213
1872,195,2214
1873,198,2221
1874,198,2222
1875,199,2223
1876,199,2224
1877,199,2225
1878,199,2226
1879,199,2227
1880,199,2228
1881,199,2229
1882,199,2230
1883,199,2231
1884,199,2232
1885,199,1885
1886,199,2233
1887,199,1878
1888,199,1879
1889,199,2234
1890,199,2235
1891,199,2236
1892,199,2237
1893,199,2238
1894,199,2239
1895,199,2240
1896,199,2241
1897,205,2259
1898,205,2263
1899,205,2264
1900,205,2265
1901,205,2261
1902,205,2266
1903,205,2267
1904,205,2268
1905,205,2269
1906,205,2270
1907,205,2271
1908,205,1847
1909,205,2272
1910,205,2273
1911,205,2274
1912,205,2275
1913,205,2276
1914,205,2277
1915,205,2278
1916,205,2279
1917,205,2280
1918,205,2281
1919,205,2282
1920,205,2283
1921,205,2284
1922,205,2285
1923,205,2286
1924,205,2287
1925,205,2288
1926,214,2391
1927,214,1276
1928,214,1317
1929,214,2392
1930,214,1321
1931,214,2393
1932,27,446
1933,27,451
1934,27,453
1935,27,457
1936,27,458
1937,28,463
1938,28,458
1939,31,472
1940,31,473
1941,31,474
1942,31,475
1943,31,477
1944,31,478
1945,31,479
1946,31,480
1947,31,482
1948,31,483
1949,32,472
1950,32,473
1951,32,474
1952,32,475
1953,32,477
1954,32,478
1955,32,479
1956,32,481
1957,32,482
1958,33,472
1959,41,581
1960,59,586
1961,60,586
1962,72,963
1963,79,1033
1964,83,1073
1965,83,1074
1966,83,1075
1967,83,1076
1968,85,1090
1969,91,1118
1970,91,1121
1971,91,1122
1972,91,1123
1973,91,1124
1974,91,1129
1975,91,1134
1976,92,1142
1977,92,1143
1978,92,1145
1979,92,1146
1980,92,1148
1981,92,1149
1982,92,1150
1983,92,1151
1984,92,1153
1985,94,1142
1986,94,1145
1987,94,1146
1988,94,1149
1989,97,1182
1990,97,1184
1991,97,1185
1992,97,1187
1993,97,1061
1994,97,1189
1995,97,1190
1996,97,1064
1997,97,1193
1998,97,1195
1999,97,1196
2000,97,1197
2001,97,1201
2002,97,1203
2003,97,1204
2004,97,1206
2005,97,1209
2006,97,1212
2007,100,1158
2008,100,1162
2009,100,1163
2010,100,1164
2011,100,1165
2012,100,1262
2013,100,1208
2014,101,1276
2015,101,1277
2016,101,1278
2017,101,1303
2018,102,1162
2019,102,1317
2020,102,1321
2021,107,1360
2022,107,477
2023,112,1394
2024,115,208
2025,117,1452
2026,117,1453
2027,127,1616
2028,127,1360
2029,127,1620
2030,136,599
2031,140,1720
2032,140,1721
2033,150,1835
2034,150,1837
2035,150,1838
2036,150,1840
2037,150,1842
2038,150,1844
2039,152,1835
2040,152,1837
2041,152,1838
2042,152,1840
2043,153,1858
2044,155,1858
2045,156,1863
2046,160,1878
2047,160,1879
2048,161,1885
2049,161,1878
2050,161,1879
2051,166,288
2052,169,1962
2053,169,1963
2054,170,1962
2055,170,1963
2056,171,1962
2057,171,1963
2058,175,1485
2059,177,1767
2060,177,1768
2061,177,1770
2062,177,1771
2063,177,1775
2064,177,1780
2065,177,1781
2066,178,1767
2067,178,1772
2068,178,1775
2069,185,1975
2070,185,1976
2071,185,1981
2072,185,1984
2073,200,2223
2074,203,2259
2075,204,2259
2076,204,2261
2077,27,431
2078,27,433
2079,27,434
2080,27,435
2081,27,436
2082,27,437
2083,27,438
2084,27,432
2085,27,439
2086,27,440
2087,27,441
2088,27,442
2089,27,443
2090,27,444
2091,27,445
2092,27,447
2093,27,448
2094,27,449
2095,27,450
2096,27,452
2097,27,454
2098,27,455
2099,27,456
2100,27,459
2101,27,460
2102,28,431
2103,28,433
2104,28,461
2105,28,462
2106,28,437
2107,28,464
2108,28,450
2109,28,465
2110,31,484
2111,31,485
2112,31,486
2113,31,487
2114,31,488
2115,31,489
2116,31,490
2117,31,491
2118,32,492
2119,32,493
2120,32,494
2121,32,495
2122,32,496
2123,32,497
2124,32,498
2125,32,499
2126,32,500
2127,32,501
2128,33,502
2129,33,503
2130,33,504
2131,33,484
2132,33,496
2133,33,505
2134,33,486
2135,33,506
2136,33,507
2137,33,508
2138,33,509
2139,33,510
2140,33,511
2141,33,512
2142,33,513
2143,33,514
2144,33,515
2145,59,867
2146,59,868
2147,59,869
2148,60,867
2149,60,870
2150,60,871
2151,60,872
2152,60,873
2153,60,874
2154,60,868
2155,60,875
2156,60,876
2157,60,877
2158,60,878
2159,60,879
2160,60,880
2161,60,881
2162,60,882
2163,72,958
2164,72,959
2165,72,960
2166,72,961
2167,72,962
2168,72,964
2169,72,965
2170,72,966
2171,72,967
2172,72,968
2173,72,969
2174,72,970
2175,72,971
2176,72,972
2177,72,973
2178,72,974
2179,72,975
2180,72,976
2181,72,977
2182,79,1034
2183,83,1077
2184,83,1078
2185,83,1079
2186,85,1091
2187,85,1092
2188,91,1137
2189,91,1138
2190,91,1139
2191,91,1140
2192,91,1141
2193,92,1144
2194,92,1147
2195,92,1152
2196,92,1154
2197,92,1155
2198,92,863
2199,92,864
2200,94,1144
2201,97,1213
2202,97,1214
2203,97,1215
2204,97,1216
2205,97,1217
2206,97,1218
2207,97,1219
2208,97,1220
2209,97,1221
2210,97,1222
2211,97,1223
2212,97,1224
2213,97,1225
2214,97,1226
2215,97,1227
2216,97,1228
2217,100,1241
2218,100,1242
2219,100,1243
2220,100,1244
2221,100,1245
2222,100,1246
2223,100,1247
2224,100,1248
2225,100,1249
2226,100,1250
2227,100,1251
2228,100,1252
2229,100,1253
2230,100,1254
2231,100,1255
2232,100,1256
2233,100,152
2234,100,1257
2235,100,1258
2236,100,1259
2237,100,1260
2238,100,1261
2239,100,1263
2240,100,1264
2241,100,1265
2242,100,1266
2243,100,1267
2244,100,1268
2245,100,1269
2246,100,1270
2247,100,1271
2248,100,1272
2249,100,1273
2250,101,1241
2251,101,1274
2252,101,1242
2253,101,1245
2254,101,1275
2255,101,1248
2256,101,1249
2257,101,1250
2258,101,1279
2259,101,1280
2260,101,1281
2261,101,1282
2262,101,1253
2263,101,1283
2264,101,1284
2265,101,1285
2266,101,1286
2267,101,1287
2268,101,1288
2269,101,1289
2270,101,1290
2271,101,1291
2272,101,1292
2273,101,1293
2274,101,1294
2275,101,1295
2276,101,1296
2277,101,1297
2278,101,1298
2279,101,1299
2280,101,1300
2281,101,1301
2282,101,1302
2283,101,1304
2284,101,1305
2285,101,1306
2286,101,1307
2287,101,1308
2288,101,1309
2289,101,1310
2290,101,1311
2291,101,1312
2292,101,1313
2293,102,1241
2294,102,1314
2295,102,1245
2296,102,1248
2297,102,1249
2298,102,1315
2299,102,1316
2300,102,1318
2301,102,1319
2302,102,1320
2303,102,128
2304,102,1116
2305,102,1322
2306,102,1323
2307,102,1324
2308,102,1325
2309,102,1326
2310,102,1327
2311,102,1328
2312,102,134
2313,102,1329
2314,102,1330
2315,102,135
2316,102,1331
2317,102,1332
2318,102,1333
2319,102,1334
2320,102,1335
2321,102,145
2322,102,1336
2323,107,492
2324,107,1361
2325,107,1362
2326,107,1363
2327,107,1364
2328,107,1365
2329,107,497
2330,107,1366
2331,107,1367
2332,107,1368
2333,107,1369
2334,107,1370
2335,107,1371
2336,107,1372
2337,107,1373
2338,107,1374
2339,107,498
2340,107,1375
2341,107,1376
2342,107,499
2343,107,1377
2344,107,1378
2345,107,1379
2346,107,1380
2347,107,1381
2348,107,1382
2349,107,1383
2350,112,1406
2351,112,1407
2352,112,1408
2353,115,1443
2354,115,1444
2355,115,1445
2356,115,1446
2357,115,1447
2358,115,1310
2359,117,1454
2360,127,1617
2361,127,1362
2362,127,1363
2363,127,1618
2364,127,1619
2365,127,1621
2366,127,1622
2367,127,1623
2368,127,1624
2369,127,1625
2370,136,1711
2371,136,1712
2372,136,1713
2373,136,1714
2374,140,1213
2375,140,1216
2376,140,1722
2377,140,1662
2378,140,1679
2379,140,1680
2380,140,1723
2381,140,1682
2382,140,1683
2383,140,1724
2384,140,1725
2385,140,1726
2386,140,1727
2387,140,1728
2388,140,1729
2389,140,1684
2390,140,1730
2391,150,1836
2392,150,1839
2393,150,1841
2394,150,1843
2395,150,1845
2396,152,1851
2397,152,1852
2398,152,1853
2399,152,1854
2400,152,1855
2401,152,1856
2402,152,1857
2403,153,1859
2404,153,1860
2405,153,1861
2406,153,1862
2407,155,1861
2408,160,1876
2409,160,1880
2410,161,1876
2411,161,1881
2412,161,1877
2413,161,1882
2414,161,1883
2415,161,1884
2416,161,1886
2417,161,1887
2418,161,1888
2419,161,1889
2420,161,1890
2421,161,1891
2422,161,1892
2423,161,1893
2424,161,1894
2425,161,1880
2426,161,1895
2427,166,1922
2428,166,1929
2429,166,1930
2430,166,1931
2431,166,1923
2432,166,1932
2433,166,1924
2434,166,1933
2435,166,1934
2436,166,1935
2437,166,1936
2438,166,1937
2439,166,1938
2440,166,1939
2441,166,1940
2442,166,1941
2443,166,1942
2444,166,1928
2445,166,1943
2446,166,1944
2447,166,1945
2448,166,1946
2449,166,1947
2450,166,1948
2451,166,1949
2452,166,1950
2453,166,1951
2454,166,1952
2455,166,1953
2456,166,1954
2457,166,1955
2458,169,1972
2459,175,2032
2460,175,2033
2461,175,2034
2462,175,2035
2463,175,2036
2464,175,2037
2465,175,2038
2466,175,2039
2467,175,2040
2468,177,2044
2469,177,2045
2470,177,2046
2471,178,2047
2472,178,2048
2473,178,2049
2474,178,2050
2475,178,2051
2476,178,2052
2477,178,2053
2478,178,2054
2479,178,2055
2480,178,2056
2481,178,2057
2482,178,2058
2483,178,2059
2484,185,2127
2485,185,2132
2486,185,2133
2487,185,2134
2488,185,2135
2489,185,2136
2490,185,2137
2491,185,2138
2492,185,2139
2493,185,2140
2494,185,2141
2495,185,2142
2496,185,2143
2497,185,2144
2498,185,2145
2499,185,2146
2500,200,2242
2501,203,2260
2502,204,2260
2503,204,2262
2504,7,128
2505,7,134
2506,7,135
2507,7,145
2508,9,152
2509,26,431
2510,26,432
2511,58,863
2512,58,864
2513,68,502
2514,68,505
2515,68,510
2516,68,515
2517,69,502
2518,70,502
2519,70,505
2520,70,515
2521,71,958
2522,89,1116
2523,105,1220
2524,105,1224
2525,105,1225
2526,106,492
2527,106,494
2528,106,514
2529,116,1443
2530,116,1444
2531,116,1310
2532,129,1662
2533,130,1679
2534,130,1680
2535,130,1682
2536,130,1683
2537,130,1684
2538,135,1333
2539,137,1711
2540,138,1711
2541,141,1322
2542,141,1260
2543,141,1323
2544,141,1325
2545,141,1327
2546,141,1330
2547,141,135
2548,141,1331
2549,141,1333
2550,141,1334
2551,141,1335
2552,141,1336
2553,159,1876
2554,159,1877
2555,165,1922
2556,165,1923
2557,165,1924
2558,165,1928
2559,167,1922
2560,167,1930
2561,167,1923
2562,167,1924
2563,167,1933
2564,167,1939
2565,167,1941
2566,167,1942
2567,167,1928
2568,167,1948
2569,167,1951
2570,176,2032
2571,176,2033
2572,176,2034
2573,176,2036
2574,176,2037
2575,176,2038
2576,176,2039
2577,176,2040
2578,184,2127
2579,210,1367
2580,210,1381
2581,213,434
2582,213,438
2583,213,439
2584,7,109
2585,7,110
2586,7,111
2587,7,112
2588,7,113
2589,7,114
2590,7,115
2591,7,116
2592,7,117
2593,7,118
2594,7,119
2595,7,120
2596,7,121
2597,7,122
2598,7,123
2599,7,124
2600,7,125
2601,7,126
2602,7,127
2603,7,129
2604,7,130
2605,7,131
2606,7,132
2607,7,133
2608,7,136
2609,7,137
2610,7,138
2611,7,139
2612,7,140
2613,7,141
2614,7,142
2615,7,143
2616,7,144
2617,9,109
2618,9,110
2619,9,113
2620,9,114
2621,9,151
2622,9,153
2623,9,154
2624,9,155
2625,9,156
2626,9,157
2627,9,158
2628,9,159
2629,9,160
2630,9,161
2631,9,162
2632,9,163
2633,9,164
2634,9,165
2635,9,166
2636,9,167
2637,9,168
2638,9,169
2639,9,170
2640,9,171
2641,9,172
2642,9,173
2643,9,174
2644,9,175
2645,9,176
2646,9,177
2647,9,178
2648,9,179
2649,9,180
2650,9,181
2651,9,182
2652,9,183
2653,9,184
2654,9,185
2655,9,186
2656,58,843
2657,58,855
2658,58,844
2659,58,856
2660,58,857
2661,58,858
2662,58,859
2663,58,860
2664,58,861
2665,58,862
2666,58,854
2667,58,865
2668,58,866
2669,58,852
2670,58,853
2671,68,952
2672,68,953
2673,69,954
2674,69,955
2675,69,956
2676,69,957
2677,70,953
2678,89,1110
2679,89,1115
2680,89,1111
2681,89,1117
2682,105,1337
2683,105,1353
2684,105,1338
2685,105,1339
2686,105,1354
2687,105,1340
2688,105,1355
2689,105,1356
2690,105,1357
2691,105,1358
2692,105,1359
2693,105,1032
2694,116,1448
2695,116,1449
2696,116,1450
2697,116,1451
2698,129,1654
2699,129,1655
2700,129,1656
2701,129,1657
2702,129,1658
2703,129,1659
2704,129,1660
2705,129,1661
2706,129,1663
2707,129,1664
2708,129,1665
2709,129,1666
2710,129,1667
2711,129,1668
2712,129,1669
2713,129,1670
2714,129,1671
2715,129,1672
2716,130,1654
2717,130,1673
2718,130,1674
2719,130,1675
2720,130,1676
2721,130,1677
2722,130,1678
2723,130,1681
2724,130,1672
2725,130,1685
2726,135,1696
2727,135,1697
2728,135,1698
2729,135,1699
2730,135,1700
2731,135,1701
2732,135,1702
2733,135,1703
2734,135,1704
2735,135,1705
2736,135,1706
2737,135,1707
2738,135,1708
2739,135,1709
2740,135,1710
2741,137,1715
2742,137,1716
2743,137,1717
2744,137,1718
2745,141,1731
2746,141,1732
2747,141,1733
2748,141,1734
2749,141,1735
2750,141,1736
2751,165,1925
2752,165,1926
2753,165,1927
2754,167,1956
2755,167,1925
2756,167,1926
2757,167,1957
2758,167,1958
2759,167,1959
2760,167,1960
2761,167,1961
2762,176,2041
2763,176,2042
2764,176,2043
2765,184,2128
2766,184,2129
2767,184,2130
2768,184,2131
2769,210,2329
2770,210,2335
2771,210,2330
2772,210,2336
2773,210,2331
2774,210,2332
2775,210,2337
2776,210,2338
2777,210,2339
2778,210,2340
2779,210,2341
2780,210,2342
2781,210,2333
2782,210,2343
2783,210,2344
2784,210,2345
2785,210,2346
2786,210,2347
2787,210,2348
2788,210,2349
2789,213,2362
2790,213,2379
2791,213,2363
2792,213,2380
2793,213,2381
2794,213,2382
2795,213,2365
2796,213,2383
2797,213,2384
2798,213,2385
2799,213,2386
2800,213,2387
2801,213,2388
2802,213,2372
2803,213,2389
2804,213,2390
2805,213,2376
2806,8,109
2807,8,110
2808,8,112
2809,8,113
2810,8,114
2811,8,116
2812,8,117
2813,8,120
2814,8,123
2815,8,126
2816,8,127
2817,8,129
2818,51,843
2819,51,844
2820,52,843
2821,52,844
2822,53,843
2823,54,843
2824,54,844
2825,54,852
2826,54,853
2827,55,843
2828,56,843
2829,56,854
2830,57,843
2831,57,855
2832,77,1032
2833,87,1110
2834,87,1111
2835,88,1110
2836,88,1111
2837,103,1337
2838,103,1338
2839,103,1339
2840,103,1340
2841,104,1337
2842,126,1357
2843,126,1358
2844,131,1654
2845,132,1654
2846,132,1657
2847,133,1696
2848,134,1696
2849,142,1731
2850,142,1732
2851,147,1697
2852,162,118
2853,163,111
2854,163,115
2855,163,120
2856,163,121
2857,163,124
2858,163,125
2859,163,130
2860,164,1698
2861,164,1703
2862,164,1708
2863,209,2329
2864,209,2330
2865,209,2331
2866,209,2332
2867,209,2333
2868,211,2329
2869,211,2335
2870,211,2330
2871,211,2336
2872,211,2332
2873,211,2340
2874,211,2341
2875,211,2342
2876,211,2343
2877,211,2347
2878,212,2362
2879,212,2363
2880,212,2365
2881,212,2372
2882,212,2376
2883,8,146
2884,8,147
2885,8,148
2886,8,149
2887,8,150
2888,52,845
2889,52,846
2890,52,847
2891,52,848
2892,52,849
2893,52,850
2894,54,848
2895,54,851
2896,77,1003
2897,77,1012
2898,77,1013
2899,77,1014
2900,77,1015
2901,77,1016
2902,77,1017
2903,77,1018
2904,77,1019
2905,77,1020
2906,77,1021
2907,77,1022
2908,77,1023
2909,77,1024
2910,77,1025
2911,77,1026
2912,77,1027
2913,77,1028
2914,77,1029
2915,77,1030
2916,77,1031
2917,88,1112
2918,88,1113
2919,88,1114
2920,103,1341
2921,103,1342
2922,103,1343
2923,103,1344
2924,103,1345
2925,103,1346
2926,104,1347
2927,104,1348
2928,104,1349
2929,104,1350
2930,104,1351
2931,104,1352
2932,104,1346
2933,126,1593
2934,126,1606
2935,126,1594
2936,126,1607
2937,126,1608
2938,126,1609
2939,126,1610
2940,126,1611
2941,126,1612
2942,126,1613
2943,126,1614
2944,126,1615
2945,131,1686
2946,131,1687
2947,132,1688
2948,132,1689
2949,132,1690
2950,132,1691
2951,132,1692
2952,132,1693
2953,132,1694
2954,132,1695
2955,142,1737
2956,142,1738
2957,142,1739
2958,142,1740
2959,142,1741
2960,147,1794
2961,147,1800
2962,147,1801
2963,147,1802
2964,147,1803
2965,147,1804
2966,147,1805
2967,147,1806
2968,147,1807
2969,147,1808
2970,147,1809
2971,147,1810
2972,147,1811
2973,147,1812
2974,162,1896
2975,162,1897
2976,162,1898
2977,162,1899
2978,162,1900
2979,162,1901
2980,163,1896
2981,163,1897
2982,163,1902
2983,163,1903
2984,163,1904
2985,163,1905
2986,163,1906
2987,163,1907
2988,163,1908
2989,163,1909
2990,163,1910
2991,163,1911
2992,163,1912
2993,164,1913
2994,164,1914
2995,164,1915
2996,164,1916
2997,164,1917
2998,164,1918
2999,164,1919
3000,164,1920
3001,164,1921
3002,209,2334
3003,211,2350
3004,211,2351
3005,211,2352
3006,211,2353
3007,211,2354
3008,211,2355
3009,211,2356
3010,211,2357
3011,211,2358
3012,211,2359
3013,211,2360
3014,211,2361
3015,212,2364
3016,212,2366
3017,212,2367
3018,212,2368
3019,212,2369
3020,212,2370
3021,212,2371
3022,212,2373
3023,212,2374
3024,212,2375
3025,212,2377
3026,212,2378
3027,76,1003
3028,78,1003
3029,125,1593
3030,125,1594
3031,146,1794
3032,76,1004
3033,76,1005
3034,76,1006
3035,76,1007
3036,76,1008
3037,76,1009
3038,76,1010
3039,76,1011
3040,78,1004
3041,78,1005
3042,78,1006
3043,78,1011
3044,125,1595
3045,125,1596
3046,125,1597
3047,125,1598
3048,125,1599
3049,125,1600
3050,125,1601
3051,125,1602
3052,125,1603
3053,125,912
3054,125,1604
3055,125,913
3056,125,1605
3057,146,1795
3058,146,1796
3059,146,1797
3060,146,1798
3061,146,1799
3062,63,912
3063,63,913
3064,63,883
3065,63,896
3066,63,897
3067,63,898
3068,63,899
3069,63,900
3070,63,901
3071,63,902
3072,63,903
3073,63,904
3074,63,905
3075,63,906
3076,63,907
3077,63,908
3078,63,909
3079,63,910
3080,63,911
3081,61,883
3082,62,883
3083,64,883
3084,65,883
3085,66,883
3086,67,883
3087,61,884
3088,61,885
3089,61,886
3090,61,887
3091,61,888
3092,61,889
3093,61,890
3094,61,891
3095,61,892
3096,61,893
3097,61,894
3098,61,895
3099,62,885
3100,62,886
3101,62,887
3102,62,888
3103,62,890
3104,62,891
3105,64,914
3106,64,884
3107,64,915
3108,64,916
3109,64,917
3110,64,918
3111,64,919
3112,64,920
3113,64,921
3114,64,922
3115,64,923
3116,64,924
3117,64,925
3118,64,926
3119,64,927
3120,64,928
3121,64,929
3122,64,890
3123,64,930
3124,64,931
3125,64,932
3126,64,933
3127,64,934
3128,64,935
3129,64,936
3130,64,937
3131,64,938
3132,64,939
3133,64,940
3134,64,941
3135,64,942
3136,64,943
3137,64,944
3138,64,945
3139,64,946
3140,64,947
3141,65,916
3142,65,918
3143,65,924
3144,65,948
3145,65,928
3146,65,943
3147,65,949
3148,67,885
3149,67,950
3150,67,919
3151,67,921
3152,67,925
3153,67,948
3154,67,935
3155,67,951
3156,67,939
3157,67,940
3158,67,949
3159,67,947
