1,1,337
2,1,89
3,10,176
4,10,382
5,10,413
6,10,486
7,100,122
8,100,298
9,100,374
10,101,123
11,101,127
12,101,131
13,101,152
14,101,153
15,101,226
16,101,274
17,101,283
18,101,312
19,101,328
20,101,357
21,101,371
22,101,374
23,101,383
24,101,414
25,101,465
26,101,466
27,102,344
28,102,362
29,102,454
30,102,456
31,103,138
32,103,163
33,103,278
34,103,480
35,104,109
36,104,204
37,104,357
38,104,407
39,105,107
40,105,213
41,107,213
42,107,377
43,107,389
44,107,471
45,108,340
46,109,204
47,109,357
48,109,407
49,11,190
50,11,217
51,11,224
52,11,239
53,11,251
54,11,254
55,11,368
56,11,412
57,11,438
58,11,472
59,110,160
60,110,202
61,111,115
62,111,227
63,111,313
64,112,127
65,112,147
66,113,119
67,113,402
68,113,418
69,113,419
70,113,425
71,113,448
72,113,476
73,115,212
74,115,227
75,116,334
76,116,415
77,117,174
78,117,317
79,117,335
80,117,361
81,117,367
82,117,376
83,117,392
84,117,430
85,118,136
86,118,207
87,118,310
88,118,311
89,119,402
90,119,418
91,119,419
92,119,425
93,119,448
94,119,476
95,12,27
96,12,28
97,12,30
98,12,35
99,12,457
100,12,83
101,120,305
102,121,146
103,121,403
104,122,170
105,122,298
106,122,397
107,123,127
108,123,131
109,123,152
110,123,153
111,123,226
112,123,283
113,123,312
114,123,328
115,123,357
116,123,371
117,123,374
118,123,383
119,123,465
120,123,466
121,124,242
122,125,332
123,125,374
124,125,380
125,125,383
126,125,386
127,125,462
128,127,131
129,127,147
130,127,152
131,127,153
132,127,226
133,127,283
134,127,312
135,127,328
136,127,357
137,127,371
138,127,374
139,127,383
140,127,465
141,127,466
142,128,129
143,128,140
144,128,156
145,128,167
146,128,281
147,128,320
148,128,352
149,128,478
150,129,140
151,129,156
152,129,167
153,129,281
154,129,320
155,129,352
156,129,453
157,129,478
158,13,117
159,13,14
160,13,174
161,13,317
162,13,335
163,13,361
164,13,367
165,13,37
166,13,376
167,13,392
168,13,430
169,130,228
170,130,351
171,131,152
172,131,153
173,131,226
174,131,274
175,131,283
176,131,312
177,131,328
178,131,357
179,131,371
180,131,374
181,131,383
182,131,414
183,131,465
184,131,466
185,132,218
186,132,309
187,133,176
188,133,294
189,133,363
190,133,391
191,133,402
192,133,419
193,133,428
194,133,433
195,135,347
196,135,393
197,135,413
198,135,421
199,135,431
200,135,484
201,136,207
202,136,310
203,136,311
204,137,241
205,137,273
206,137,336
207,137,343
208,137,405
209,138,163
210,138,278
211,138,299
212,138,324
213,138,330
214,138,423
215,138,480
216,139,296
217,139,337
218,139,414
219,14,117
220,14,162
221,14,174
222,14,198
223,14,283
224,14,284
225,14,317
226,14,322
227,14,335
228,14,361
229,14,367
230,14,37
231,14,376
232,14,392
233,14,405
234,14,430
235,140,156
236,140,167
237,140,281
238,140,320
239,140,352
240,140,453
241,140,478
242,141,143
243,141,321
244,141,434
245,141,460
246,142,307
247,142,343
248,142,451
249,142,463
250,143,321
251,143,434
252,143,460
253,144,202
254,144,212
255,144,306
256,144,326
257,144,374
258,145,353
259,146,322
260,146,403
261,146,451
262,149,155
263,149,166
264,149,297
265,149,385
266,15,135
267,15,421
268,15,431
269,15,484
270,150,209
271,150,215
272,150,216
273,151,328
274,151,383
275,152,153
276,152,226
277,152,283
278,152,302
279,152,312
280,152,328
281,152,357
282,152,371
283,152,374
284,152,383
285,152,465
286,152,466
287,153,226
288,153,283
289,153,312
290,153,328
291,153,357
292,153,371
293,153,374
294,153,383
295,153,465
296,153,466
297,154,157
298,154,172
299,154,174
300,154,360
301,155,166
302,155,297
303,155,385
304,156,167
305,156,281
306,156,320
307,156,352
308,156,449
309,156,453
310,156,478
311,156,485
312,158,338
313,158,339
314,158,358
315,158,450
316,159,209
317,159,210
318,159,365
319,16,208
320,16,375
321,16,410
322,16,429
323,16,76
324,160,202
325,162,168
326,162,283
327,162,284
328,162,322
329,162,329
330,162,356
331,163,278
332,163,480
333,164,295
334,165,208
335,165,483
336,166,297
337,166,385
338,166,420
339,166,469
340,167,215
341,167,281
342,167,320
343,167,352
344,167,478
345,168,356
346,17,152
347,17,59
348,170,397
349,171,200
350,171,341
351,171,388
352,171,416
353,172,174
354,172,360
355,172,396
356,173,284
357,173,285
358,174,317
359,174,335
360,174,360
361,174,361
362,174,367
363,174,376
364,174,392
365,174,430
366,175,287
367,175,293
368,175,411
369,176,286
370,176,342
371,176,363
372,176,382
373,176,384
374,176,391
375,176,426
376,176,477
377,177,196
378,177,303
379,177,401
380,178,316
381,178,349
382,178,425
383,178,455
384,179,180
385,179,181
386,179,182
387,179,183
388,179,184
389,179,185
390,179,187
391,179,188
392,179,189
393,179,190
394,179,191
395,179,192
396,179,193
397,179,194
398,179,195
399,179,221
400,179,222
401,179,223
402,179,230
403,179,231
404,179,233
405,179,234
406,179,235
407,179,236
408,179,237
409,179,238
410,179,240
411,179,245
412,179,246
413,179,247
414,179,248
415,179,249
416,179,252
417,179,253
418,179,255
419,179,256
420,179,258
421,179,259
422,179,260
423,179,261
424,179,264
425,179,265
426,179,267
427,179,269
428,179,270
429,179,271
430,179,275
431,179,276
432,179,288
433,179,289
434,179,290
435,179,291
436,179,292
437,179,413
438,18,175
439,18,287
440,18,73
441,180,181
442,180,182
443,180,183
444,180,184
445,180,185
446,180,187
447,180,188
448,180,189
449,180,190
450,180,191
451,180,192
452,180,193
453,180,194
454,180,195
455,180,221
456,180,222
457,180,223
458,180,230
459,180,231
460,180,233
461,180,234
462,180,235
463,180,236
464,180,237
465,180,238
466,180,240
467,180,245
468,180,246
469,180,247
470,180,248
471,180,249
472,180,252
473,180,253
474,180,255
475,180,256
476,180,258
477,180,259
478,180,260
479,180,261
480,180,264
481,180,265
482,180,267
483,180,269
484,180,270
485,180,271
486,180,275
487,180,276
488,180,288
489,180,289
490,180,290
491,180,291
492,180,292
493,180,413
494,181,182
495,181,183
496,181,184
497,181,185
498,181,187
499,181,188
500,181,189
501,181,190
502,181,191
503,181,192
504,181,193
505,181,194
506,181,195
507,181,221
508,181,222
509,181,223
510,181,230
511,181,231
512,181,233
513,181,234
514,181,235
515,181,236
516,181,237
517,181,238
518,181,240
519,181,245
520,181,246
521,181,247
522,181,248
523,181,249
524,181,252
525,181,253
526,181,255
527,181,256
528,181,258
529,181,259
530,181,260
531,181,261
532,181,264
533,181,265
534,181,267
535,181,269
536,181,270
537,181,271
538,181,275
539,181,276
540,181,288
541,181,289
542,181,290
543,181,291
544,181,292
545,181,413
546,182,183
547,182,184
548,182,185
549,182,187
550,182,188
551,182,189
552,182,190
553,182,191
554,182,192
555,182,193
556,182,194
557,182,195
558,182,221
559,182,222
560,182,223
561,182,230
562,182,231
563,182,233
564,182,234
565,182,235
566,182,236
567,182,237
568,182,238
569,182,240
570,182,245
571,182,246
572,182,247
573,182,248
574,182,249
575,182,252
576,182,253
577,182,255
578,182,256
579,182,258
580,182,259
581,182,260
582,182,261
583,182,264
584,182,265
585,182,267
586,182,269
587,182,270
588,182,271
589,182,275
590,182,276
591,182,288
592,182,289
593,182,290
594,182,291
595,182,292
596,182,413
597,183,184
598,183,185
599,183,187
600,183,188
601,183,189
602,183,190
603,183,191
604,183,192
605,183,193
606,183,194
607,183,195
608,183,221
609,183,222
610,183,223
611,183,230
612,183,231
613,183,233
614,183,234
615,183,235
616,183,236
617,183,237
618,183,238
619,183,240
620,183,245
621,183,246
622,183,247
623,183,248
624,183,249
625,183,252
626,183,253
627,183,255
628,183,256
629,183,258
630,183,259
631,183,260
632,183,261
633,183,264
634,183,265
635,183,267
636,183,269
637,183,270
638,183,271
639,183,275
640,183,276
641,183,288
642,183,289
643,183,290
644,183,291
645,183,292
646,183,413
647,184,185
648,184,187
649,184,188
650,184,189
651,184,190
652,184,191
653,184,192
654,184,193
655,184,194
656,184,195
657,184,221
658,184,222
659,184,223
660,184,230
661,184,231
662,184,233
663,184,234
664,184,235
665,184,236
666,184,237
667,184,238
668,184,240
669,184,245
670,184,246
671,184,247
672,184,248
673,184,249
674,184,252
675,184,253
676,184,255
677,184,256
678,184,258
679,184,259
680,184,260
681,184,261
682,184,264
683,184,265
684,184,267
685,184,269
686,184,270
687,184,271
688,184,275
689,184,276
690,184,288
691,184,289
692,184,290
693,184,291
694,184,292
695,184,413
696,185,187
697,185,188
698,185,189
699,185,190
700,185,191
701,185,192
702,185,193
703,185,194
704,185,195
705,185,221
706,185,222
707,185,223
708,185,230
709,185,231
710,185,233
711,185,234
712,185,235
713,185,236
714,185,237
715,185,238
716,185,240
717,185,245
718,185,246
719,185,247
720,185,248
721,185,249
722,185,252
723,185,253
724,185,255
725,185,256
726,185,258
727,185,259
728,185,260
729,185,261
730,185,264
731,185,265
732,185,267
733,185,269
734,185,270
735,185,271
736,185,275
737,185,276
738,185,288
739,185,289
740,185,290
741,185,291
742,185,292
743,185,413
744,186,220
745,186,225
746,186,232
747,186,250
748,186,262
749,186,263
750,186,266
751,186,268
752,187,188
753,187,189
754,187,190
755,187,191
756,187,192
757,187,193
758,187,194
759,187,195
760,187,221
761,187,222
762,187,223
763,187,230
764,187,231
765,187,233
766,187,234
767,187,235
768,187,236
769,187,237
770,187,238
771,187,240
772,187,245
773,187,246
774,187,247
775,187,248
776,187,249
777,187,252
778,187,253
779,187,255
780,187,256
781,187,258
782,187,259
783,187,260
784,187,261
785,187,264
786,187,265
787,187,267
788,187,269
789,187,270
790,187,271
791,187,275
792,187,276
793,187,288
794,187,289
795,187,290
796,187,291
797,187,292
798,187,413
799,188,189
800,188,190
801,188,191
802,188,192
803,188,193
804,188,194
805,188,195
806,188,221
807,188,222
808,188,223
809,188,230
810,188,231
811,188,233
812,188,234
813,188,235
814,188,236
815,188,237
816,188,238
817,188,240
818,188,245
819,188,246
820,188,247
821,188,248
822,188,249
823,188,252
824,188,253
825,188,255
826,188,256
827,188,258
828,188,259
829,188,260
830,188,261
831,188,264
832,188,265
833,188,267
834,188,269
835,188,270
836,188,271
837,188,275
838,188,276
839,188,288
840,188,289
841,188,290
842,188,291
843,188,292
844,188,413
845,189,190
846,189,191
847,189,192
848,189,193
849,189,194
850,189,195
851,189,221
852,189,222
853,189,223
854,189,230
855,189,231
856,189,233
857,189,234
858,189,235
859,189,236
860,189,237
861,189,238
862,189,240
863,189,245
864,189,246
865,189,247
866,189,248
867,189,249
868,189,252
869,189,253
870,189,255
871,189,256
872,189,258
873,189,259
874,189,260
875,189,261
876,189,264
877,189,265
878,189,267
879,189,269
880,189,270
881,189,271
882,189,275
883,189,276
884,189,288
885,189,289
886,189,290
887,189,291
888,189,292
889,189,413
890,19,100
891,19,156
892,19,374
893,19,449
894,19,485
895,190,191
896,190,192
897,190,193
898,190,194
899,190,195
900,190,217
901,190,221
902,190,222
903,190,223
904,190,224
905,190,230
906,190,231
907,190,233
908,190,234
909,190,235
910,190,236
911,190,237
912,190,238
913,190,239
914,190,240
915,190,245
916,190,246
917,190,247
918,190,248
919,190,249
920,190,251
921,190,252
922,190,253
923,190,254
924,190,255
925,190,256
926,190,258
927,190,259
928,190,260
929,190,261
930,190,264
931,190,265
932,190,267
933,190,269
934,190,270
935,190,271
936,190,275
937,190,276
938,190,288
939,190,289
940,190,290
941,190,291
942,190,292
943,190,368
944,190,412
945,190,413
946,190,438
947,190,472
948,191,192
949,191,193
950,191,194
951,191,195
952,191,221
953,191,222
954,191,223
955,191,230
956,191,231
957,191,233
958,191,234
959,191,235
960,191,236
961,191,237
962,191,238
963,191,240
964,191,245
965,191,246
966,191,247
967,191,248
968,191,249
969,191,252
970,191,253
971,191,255
972,191,256
973,191,258
974,191,259
975,191,260
976,191,261
977,191,264
978,191,265
979,191,267
980,191,269
981,191,270
982,191,271
983,191,275
984,191,276
985,191,288
986,191,289
987,191,290
988,191,291
989,191,292
990,191,413
991,192,193
992,192,194
993,192,195
994,192,221
995,192,222
996,192,223
997,192,230
998,192,231
999,192,233
1000,192,234
1001,192,235
1002,192,236
1003,192,237
1004,192,238
1005,192,240
1006,192,245
1007,192,246
1008,192,247
1009,192,248
1010,192,249
1011,192,252
1012,192,253
1013,192,255
1014,192,256
1015,192,257
1016,192,258
1017,192,259
1018,192,260
1019,192,261
1020,192,262
1021,192,264
1022,192,265
1023,192,267
1024,192,269
1025,192,270
1026,192,271
1027,192,275
1028,192,276
1029,192,277
1030,192,288
1031,192,289
1032,192,290
1033,192,291
1034,192,292
1035,192,413
1036,193,194
1037,193,195
1038,193,221
1039,193,222
1040,193,223
1041,193,230
1042,193,231
1043,193,233
1044,193,234
1045,193,235
1046,193,236
1047,193,237
1048,193,238
1049,193,240
1050,193,245
1051,193,246
1052,193,247
1053,193,248
1054,193,249
1055,193,252
1056,193,253
1057,193,255
1058,193,256
1059,193,258
1060,193,259
1061,193,260
1062,193,261
1063,193,264
1064,193,265
1065,193,267
1066,193,269
1067,193,270
1068,193,271
1069,193,275
1070,193,276
1071,193,288
1072,193,289
1073,193,290
1074,193,291
1075,193,292
1076,193,413
1077,194,195
1078,194,221
1079,194,222
1080,194,223
1081,194,230
1082,194,231
1083,194,233
1084,194,234
1085,194,235
1086,194,236
1087,194,237
1088,194,238
1089,194,240
1090,194,245
1091,194,246
1092,194,247
1093,194,248
1094,194,249
1095,194,252
1096,194,253
1097,194,255
1098,194,256
1099,194,258
1100,194,259
1101,194,260
1102,194,261
1103,194,264
1104,194,265
1105,194,267
1106,194,269
1107,194,270
1108,194,271
1109,194,275
1110,194,276
1111,194,288
1112,194,289
1113,194,290
1114,194,291
1115,194,292
1116,194,413
1117,195,221
1118,195,222
1119,195,223
1120,195,230
1121,195,231
1122,195,233
1123,195,234
1124,195,235
1125,195,236
1126,195,237
1127,195,238
1128,195,240
1129,195,245
1130,195,246
1131,195,247
1132,195,248
1133,195,249
1134,195,252
1135,195,253
1136,195,255
1137,195,256
1138,195,258
1139,195,259
1140,195,260
1141,195,261
1142,195,264
1143,195,265
1144,195,267
1145,195,269
1146,195,270
1147,195,271
1148,195,275
1149,195,276
1150,195,288
1151,195,289
1152,195,290
1153,195,291
1154,195,292
1155,195,413
1156,196,303
1157,196,401
1158,197,364
1159,197,394
1160,197,467
1161,198,405
1162,199,413
1163,2,113
1164,2,119
1165,2,402
1166,2,418
1167,2,419
1168,2,425
1169,2,448
1170,2,476
1171,20,128
1172,20,129
1173,20,140
1174,20,156
1175,20,167
1176,20,281
1177,20,320
1178,20,352
1179,20,453
1180,20,478
1181,20,72
1182,20,95
1183,200,341
1184,200,388
1185,200,401
1186,200,416
1187,200,436
1188,201,427
1189,202,212
1190,202,306
1191,203,304
1192,204,308
1193,204,357
1194,204,407
1195,205,206
1196,205,404
1197,206,379
1198,206,389
1199,206,404
1200,207,305
1201,207,310
1202,207,311
1203,208,375
1204,208,410
1205,208,429
1206,208,483
1207,209,210
1208,209,215
1209,209,216
1210,209,365
1211,21,75
1212,210,365
1213,211,229
1214,211,325
1215,212,306
1216,214,464
1217,215,216
1218,217,224
1219,217,239
1220,217,251
1221,217,254
1222,217,368
1223,217,412
1224,217,438
1225,217,472
1226,218,309
1227,219,481
1228,22,139
1229,22,24
1230,22,296
1231,22,337
1232,22,414
1233,220,225
1234,220,232
1235,220,250
1236,220,262
1237,220,263
1238,220,266
1239,220,268
1240,221,222
1241,221,223
1242,221,230
1243,221,231
1244,221,233
1245,221,234
1246,221,235
1247,221,236
1248,221,237
1249,221,238
1250,221,240
1251,221,245
1252,221,246
1253,221,247
1254,221,248
1255,221,249
1256,221,252
1257,221,253
1258,221,255
1259,221,256
1260,221,258
1261,221,259
1262,221,260
1263,221,261
1264,221,264
1265,221,265
1266,221,267
1267,221,269
1268,221,270
1269,221,271
1270,221,275
1271,221,276
1272,221,288
1273,221,289
1274,221,290
1275,221,291
1276,221,292
1277,221,413
1278,222,223
1279,222,230
1280,222,231
1281,222,233
1282,222,234
1283,222,235
1284,222,236
1285,222,237
1286,222,238
1287,222,240
1288,222,245
1289,222,246
1290,222,247
1291,222,248
1292,222,249
1293,222,252
1294,222,253
1295,222,255
1296,222,256
1297,222,258
1298,222,259
1299,222,260
1300,222,261
1301,222,264
1302,222,265
1303,222,267
1304,222,269
1305,222,270
1306,222,271
1307,222,275
1308,222,276
1309,222,288
1310,222,289
1311,222,290
1312,222,291
1313,222,292
1314,222,413
1315,223,230
1316,223,231
1317,223,233
1318,223,234
1319,223,235
1320,223,236
1321,223,237
1322,223,238
1323,223,240
1324,223,245
1325,223,246
1326,223,247
1327,223,248
1328,223,249
1329,223,252
1330,223,253
1331,223,255
1332,223,256
1333,223,258
1334,223,259
1335,223,260
1336,223,261
1337,223,264
1338,223,265
1339,223,267
1340,223,269
1341,223,270
1342,223,271
1343,223,275
1344,223,276
1345,223,288
1346,223,289
1347,223,290
1348,223,291
1349,223,292
1350,223,413
1351,224,239
1352,224,251
1353,224,254
1354,224,368
1355,224,412
1356,224,438
1357,224,472
1358,225,232
1359,225,250
1360,225,262
1361,225,263
1362,225,266
1363,225,268
1364,226,283
1365,226,312
1366,226,328
1367,226,357
1368,226,371
1369,226,374
1370,226,383
1371,226,465
1372,226,466
1373,23,62
1374,230,231
1375,230,233
1376,230,234
1377,230,235
1378,230,236
1379,230,237
1380,230,238
1381,230,240
1382,230,245
1383,230,246
1384,230,247
1385,230,248
1386,230,249
1387,230,252
1388,230,253
1389,230,255
1390,230,256
1391,230,258
1392,230,259
1393,230,260
1394,230,261
1395,230,264
1396,230,265
1397,230,267
1398,230,269
1399,230,270
1400,230,271
1401,230,275
1402,230,276
1403,230,288
1404,230,289
1405,230,290
1406,230,291
1407,230,292
1408,230,413
1409,231,233
1410,231,234
1411,231,235
1412,231,236
1413,231,237
1414,231,238
1415,231,240
1416,231,245
1417,231,246
1418,231,247
1419,231,248
1420,231,249
1421,231,252
1422,231,253
1423,231,255
1424,231,256
1425,231,258
1426,231,259
1427,231,260
1428,231,261
1429,231,264
1430,231,265
1431,231,267
1432,231,269
1433,231,270
1434,231,271
1435,231,275
1436,231,276
1437,231,288
1438,231,289
1439,231,290
1440,231,291
1441,231,292
1442,231,413
1443,232,250
1444,232,262
1445,232,263
1446,232,266
1447,232,268
1448,233,234
1449,233,235
1450,233,236
1451,233,237
1452,233,238
1453,233,240
1454,233,245
1455,233,246
1456,233,247
1457,233,248
1458,233,249
1459,233,252
1460,233,253
1461,233,255
1462,233,256
1463,233,258
1464,233,259
1465,233,260
1466,233,261
1467,233,264
1468,233,265
1469,233,267
1470,233,269
1471,233,270
1472,233,271
1473,233,275
1474,233,276
1475,233,288
1476,233,289
1477,233,290
1478,233,291
1479,233,292
1480,233,413
1481,234,235
1482,234,236
1483,234,237
1484,234,238
1485,234,240
1486,234,245
1487,234,246
1488,234,247
1489,234,248
1490,234,249
1491,234,252
1492,234,253
1493,234,255
1494,234,256
1495,234,258
1496,234,259
1497,234,260
1498,234,261
1499,234,264
1500,234,265
1501,234,267
1502,234,269
1503,234,270
1504,234,271
1505,234,275
1506,234,276
1507,234,288
1508,234,289
1509,234,290
1510,234,291
1511,234,292
1512,234,413
1513,235,236
1514,235,237
1515,235,238
1516,235,240
1517,235,245
1518,235,246
1519,235,247
1520,235,248
1521,235,249
1522,235,252
1523,235,253
1524,235,255
1525,235,256
1526,235,258
1527,235,259
1528,235,260
1529,235,261
1530,235,264
1531,235,265
1532,235,267
1533,235,269
1534,235,270
1535,235,271
1536,235,275
1537,235,276
1538,235,288
1539,235,289
1540,235,290
1541,235,291
1542,235,292
1543,235,413
1544,236,237
1545,236,238
1546,236,240
1547,236,245
1548,236,246
1549,236,247
1550,236,248
1551,236,249
1552,236,252
1553,236,253
1554,236,255
1555,236,256
1556,236,258
1557,236,259
1558,236,260
1559,236,261
1560,236,264
1561,236,265
1562,236,267
1563,236,269
1564,236,270
1565,236,271
1566,236,275
1567,236,276
1568,236,288
1569,236,289
1570,236,290
1571,236,291
1572,236,292
1573,236,413
1574,237,238
1575,237,240
1576,237,245
1577,237,246
1578,237,247
1579,237,248
1580,237,249
1581,237,252
1582,237,253
1583,237,255
1584,237,256
1585,237,258
1586,237,259
1587,237,260
1588,237,261
1589,237,264
1590,237,265
1591,237,267
1592,237,269
1593,237,270
1594,237,271
1595,237,275
1596,237,276
1597,237,288
1598,237,289
1599,237,290
1600,237,291
1601,237,292
1602,237,413
1603,238,240
1604,238,245
1605,238,246
1606,238,247
1607,238,248
1608,238,249
1609,238,252
1610,238,253
1611,238,255
1612,238,256
1613,238,258
1614,238,259
1615,238,260
1616,238,261
1617,238,264
1618,238,265
1619,238,267
1620,238,269
1621,238,270
1622,238,271
1623,238,275
1624,238,276
1625,238,288
1626,238,289
1627,238,290
1628,238,291
1629,238,292
1630,238,413
1631,239,251
1632,239,254
1633,239,368
1634,239,412
1635,239,438
1636,239,472
1637,24,115
1638,24,471
1639,24,54
1640,24,85
1641,240,245
1642,240,246
1643,240,247
1644,240,248
1645,240,249
1646,240,252
1647,240,253
1648,240,255
1649,240,256
1650,240,258
1651,240,259
1652,240,260
1653,240,261
1654,240,264
1655,240,265
1656,240,267
1657,240,269
1658,240,270
1659,240,271
1660,240,275
1661,240,276
1662,240,288
1663,240,289
1664,240,290
1665,240,291
1666,240,292
1667,240,413
1668,242,272
1669,243,244
1670,243,460
1671,244,460
1672,245,246
1673,245,247
1674,245,248
1675,245,249
1676,245,252
1677,245,253
1678,245,255
1679,245,256
1680,245,258
1681,245,259
1682,245,260
1683,245,261
1684,245,264
1685,245,265
1686,245,267
1687,245,269
1688,245,270
1689,245,271
1690,245,275
1691,245,276
1692,245,288
1693,245,289
1694,245,290
1695,245,291
1696,245,292
1697,245,413
1698,246,247
1699,246,248
1700,246,249
1701,246,252
1702,246,253
1703,246,255
1704,246,256
1705,246,258
1706,246,259
1707,246,260
1708,246,261
1709,246,264
1710,246,265
1711,246,267
1712,246,269
1713,246,270
1714,246,271
1715,246,275
1716,246,276
1717,246,288
1718,246,289
1719,246,290
1720,246,291
1721,246,292
1722,246,413
1723,247,248
1724,247,249
1725,247,252
1726,247,253
1727,247,255
1728,247,256
1729,247,258
1730,247,259
1731,247,260
1732,247,261
1733,247,264
1734,247,265
1735,247,267
1736,247,269
1737,247,270
1738,247,271
1739,247,275
1740,247,276
1741,247,288
1742,247,289
1743,247,290
1744,247,291
1745,247,292
1746,247,413
1747,248,249
1748,248,252
1749,248,253
1750,248,255
1751,248,256
1752,248,258
1753,248,259
1754,248,260
1755,248,261
1756,248,264
1757,248,265
1758,248,267
1759,248,269
1760,248,270
1761,248,271
1762,248,275
1763,248,276
1764,248,288
1765,248,289
1766,248,290
1767,248,291
1768,248,292
1769,248,413
1770,249,252
1771,249,253
1772,249,255
1773,249,256
1774,249,258
1775,249,259
1776,249,260
1777,249,261
1778,249,264
1779,249,265
1780,249,267
1781,249,269
1782,249,270
1783,249,271
1784,249,275
1785,249,276
1786,249,288
1787,249,289
1788,249,290
1789,249,291
1790,249,292
1791,249,413
1792,25,115
1793,25,212
1794,25,67
1795,25,96
1796,250,262
1797,250,263
1798,250,266
1799,250,268
1800,251,254
1801,251,368
1802,251,412
1803,251,438
1804,251,472
1805,252,253
1806,252,255
1807,252,256
1808,252,258
1809,252,259
1810,252,260
1811,252,261
1812,252,264
1813,252,265
1814,252,267
1815,252,269
1816,252,270
1817,252,271
1818,252,275
1819,252,276
1820,252,288
1821,252,289
1822,252,290
1823,252,291
1824,252,292
1825,252,413
1826,253,255
1827,253,256
1828,253,258
1829,253,259
1830,253,260
1831,253,261
1832,253,264
1833,253,265
1834,253,267
1835,253,269
1836,253,270
1837,253,271
1838,253,275
1839,253,276
1840,253,288
1841,253,289
1842,253,290
1843,253,291
1844,253,292
1845,253,413
1846,254,368
1847,254,412
1848,254,438
1849,254,472
1850,255,256
1851,255,258
1852,255,259
1853,255,260
1854,255,261
1855,255,264
1856,255,265
1857,255,267
1858,255,269
1859,255,270
1860,255,271
1861,255,275
1862,255,276
1863,255,288
1864,255,289
1865,255,290
1866,255,291
1867,255,292
1868,255,413
1869,256,258
1870,256,259
1871,256,260
1872,256,261
1873,256,264
1874,256,265
1875,256,267
1876,256,269
1877,256,270
1878,256,271
1879,256,275
1880,256,276
1881,256,288
1882,256,289
1883,256,290
1884,256,291
1885,256,292
1886,256,413
1887,257,262
1888,257,277
1889,258,259
1890,258,260
1891,258,261
1892,258,264
1893,258,265
1894,258,267
1895,258,269
1896,258,270
1897,258,271
1898,258,275
1899,258,276
1900,258,288
1901,258,289
1902,258,290
1903,258,291
1904,258,292
1905,258,413
1906,259,260
1907,259,261
1908,259,264
1909,259,265
1910,259,267
1911,259,269
1912,259,270
1913,259,271
1914,259,275
1915,259,276
1916,259,288
1917,259,289
1918,259,290
1919,259,291
1920,259,292
1921,259,413
1922,26,176
1923,260,261
1924,260,264
1925,260,265
1926,260,267
1927,260,269
1928,260,270
1929,260,271
1930,260,275
1931,260,276
1932,260,288
1933,260,289
1934,260,290
1935,260,291
1936,260,292
1937,260,413
1938,261,264
1939,261,265
1940,261,267
1941,261,269
1942,261,270
1943,261,271
1944,261,275
1945,261,276
1946,261,288
1947,261,289
1948,261,290
1949,261,291
1950,261,292
1951,261,413
1952,262,263
1953,262,266
1954,262,268
1955,262,277
1956,263,266
1957,263,268
1958,264,265
1959,264,267
1960,264,269
1961,264,270
1962,264,271
1963,264,275
1964,264,276
1965,264,288
1966,264,289
1967,264,290
1968,264,291
1969,264,292
1970,264,413
1971,265,267
1972,265,269
1973,265,270
1974,265,271
1975,265,275
1976,265,276
1977,265,288
1978,265,289
1979,265,290
1980,265,291
1981,265,292
1982,265,413
1983,266,268
1984,267,269
1985,267,270
1986,267,271
1987,267,275
1988,267,276
1989,267,288
1990,267,289
1991,267,290
1992,267,291
1993,267,292
1994,267,413
1995,269,270
1996,269,271
1997,269,275
1998,269,276
1999,269,288
2000,269,289
2001,269,290
2002,269,291
2003,269,292
2004,269,413
2005,27,28
2006,27,30
2007,27,31
2008,27,32
2009,27,35
2010,27,409
2011,27,441
2012,27,444
2013,27,83
2014,270,271
2015,270,275
2016,270,276
2017,270,288
2018,270,289
2019,270,290
2020,270,291
2021,270,292
2022,270,413
2023,271,275
2024,271,276
2025,271,288
2026,271,289
2027,271,290
2028,271,291
2029,271,292
2030,271,413
2031,272,274
2032,273,304
2033,273,325
2034,273,336
2035,273,340
2036,273,343
2037,273,468
2038,274,414
2039,274,465
2040,274,466
2041,275,276
2042,275,288
2043,275,289
2044,275,290
2045,275,291
2046,275,292
2047,275,413
2048,276,288
2049,276,289
2050,276,290
2051,276,291
2052,276,292
2053,276,413
2054,278,480
2055,279,374
2056,279,378
2057,279,385
2058,279,467
2059,28,30
2060,28,35
2061,28,83
2062,280,344
2063,281,320
2064,281,352
2065,281,478
2066,282,401
2067,282,424
2068,282,427
2069,282,442
2070,282,452
2071,282,458
2072,283,284
2073,283,312
2074,283,322
2075,283,328
2076,283,357
2077,283,371
2078,283,374
2079,283,383
2080,283,465
2081,283,466
2082,283,472
2083,284,285
2084,284,322
2085,286,342
2086,286,384
2087,286,426
2088,286,477
2089,288,289
2090,288,290
2091,288,291
2092,288,292
2093,288,413
2094,289,290
2095,289,291
2096,289,292
2097,289,413
2098,29,400
2099,29,482
2100,290,291
2101,290,292
2102,290,413
2103,291,292
2104,291,413
2105,292,413
2106,294,402
2107,294,419
2108,294,428
2109,294,433
2110,295,301
2111,295,384
2112,296,337
2113,296,414
2114,297,385
2115,299,324
2116,299,330
2117,299,423
2118,3,355
2119,3,381
2120,3,5
2121,3,6
2122,3,7
2123,3,8
2124,30,35
2125,30,83
2126,300,465
2127,301,384
2128,303,401
2129,304,325
2130,304,340
2131,304,468
2132,305,307
2133,305,308
2134,307,308
2135,31,160
2136,31,32
2137,31,409
2138,31,441
2139,31,444
2140,310,311
2141,312,328
2142,312,357
2143,312,371
2144,312,374
2145,312,383
2146,312,465
2147,312,466
2148,314,339
2149,316,349
2150,316,398
2151,316,455
2152,317,335
2153,317,361
2154,317,367
2155,317,376
2156,317,392
2157,317,430
2158,318,460
2159,319,333
2160,319,348
2161,32,409
2162,32,441
2163,32,444
2164,320,352
2165,320,453
2166,320,478
2167,321,434
2168,321,460
2169,322,327
2170,322,446
2171,322,451
2172,323,415
2173,324,330
2174,324,423
2175,325,340
2176,325,468
2177,326,374
2178,327,446
2179,328,357
2180,328,371
2181,328,374
2182,328,383
2183,328,408
2184,328,465
2185,328,466
2186,33,287
2187,330,423
2188,332,462
2189,332,474
2190,333,348
2191,334,415
2192,335,361
2193,335,367
2194,335,376
2195,335,392
2196,335,430
2197,336,343
2198,337,414
2199,338,339
2200,338,358
2201,338,470
2202,339,358
2203,34,387
2204,34,390
2205,34,406
2206,34,417
2207,34,422
2208,34,440
2209,34,447
2210,34,473
2211,340,468
2212,341,388
2213,341,416
2214,342,354
2215,342,384
2216,342,426
2217,342,432
2218,342,437
2219,342,477
2220,343,451
2221,343,463
2222,344,351
2223,344,362
2224,344,454
2225,344,456
2226,345,346
2227,345,395
2228,345,447
2229,345,461
2230,345,475
2231,346,395
2232,346,447
2233,346,461
2234,346,475
2235,347,393
2236,347,413
2237,349,425
2238,349,455
2239,35,83
2240,350,373
2241,352,478
2242,354,399
2243,354,459
2244,355,381
2245,357,371
2246,357,374
2247,357,383
2248,357,407
2249,357,465
2250,357,466
2251,359,384
2252,36,138
2253,36,141
2254,36,142
2255,36,143
2256,36,299
2257,36,307
2258,36,321
2259,36,324
2260,36,330
2261,36,423
2262,36,434
2263,36,460
2264,36,58
2265,36,68
2266,36,69
2267,36,74
2268,361,367
2269,361,376
2270,361,392
2271,361,430
2272,362,454
2273,362,456
2274,363,391
2275,364,394
2276,364,467
2277,366,386
2278,367,376
2279,367,392
2280,367,430
2281,368,412
2282,368,438
2283,368,472
2284,369,370
2285,37,117
2286,37,174
2287,37,317
2288,37,335
2289,37,361
2290,37,367
2291,37,376
2292,37,392
2293,37,430
2294,370,445
2295,370,481
2296,371,374
2297,371,383
2298,371,465
2299,371,466
2300,374,378
2301,374,380
2302,374,383
2303,374,385
2304,374,386
2305,374,465
2306,374,466
2307,374,467
2308,375,410
2309,375,429
2310,376,392
2311,376,430
2312,377,389
2313,378,385
2314,378,467
2315,38,145
2316,38,462
2317,380,383
2318,380,386
2319,380,419
2320,383,386
2321,383,465
2322,383,466
2323,384,426
2324,384,477
2325,385,467
2326,387,390
2327,387,406
2328,387,417
2329,387,422
2330,387,440
2331,387,447
2332,387,473
2333,387,479
2334,388,416
2335,39,144
2336,39,159
2337,39,209
2338,39,210
2339,39,326
2340,39,365
2341,39,374
2342,39,51
2343,39,61
2344,390,406
2345,390,417
2346,390,422
2347,390,440
2348,390,447
2349,390,473
2350,392,430
2351,393,413
2352,394,467
2353,395,447
2354,395,461
2355,395,475
2356,398,443
2357,399,459
2358,4,342
2359,4,432
2360,4,437
2361,40,273
2362,40,304
2363,40,325
2364,40,340
2365,40,468
2366,40,53
2367,40,66
2368,401,427
2369,401,436
2370,402,418
2371,402,419
2372,402,425
2373,402,428
2374,402,433
2375,402,448
2376,402,476
2377,406,417
2378,406,422
2379,406,440
2380,406,447
2381,406,473
2382,409,441
2383,409,444
2384,41,377
2385,410,429
2386,412,438
2387,412,472
2388,413,486
2389,414,465
2390,414,466
2391,417,422
2392,417,440
2393,417,447
2394,417,473
2395,417,479
2396,418,419
2397,418,425
2398,418,448
2399,418,476
2400,419,425
2401,419,428
2402,419,433
2403,419,448
2404,419,476
2405,42,306
2406,420,469
2407,421,431
2408,421,484
2409,422,440
2410,422,447
2411,422,473
2412,424,442
2413,424,452
2414,424,458
2415,425,448
2416,425,476
2417,426,477
2418,428,433
2419,43,118
2420,43,136
2421,43,207
2422,43,310
2423,43,311
2424,43,54
2425,431,484
2426,432,437
2427,434,460
2428,435,439
2429,435,483
2430,438,472
2431,439,483
2432,44,112
2433,44,127
2434,44,147
2435,44,46
2436,440,447
2437,440,473
2438,441,444
2439,442,452
2440,442,458
2441,445,481
2442,447,461
2443,447,473
2444,447,475
2445,448,476
2446,449,485
2447,45,110
2448,45,160
2449,45,202
2450,45,94
2451,451,463
2452,452,458
2453,454,456
2454,46,112
2455,46,127
2456,46,147
2457,46,214
2458,46,57
2459,461,475
2460,465,466
2461,47,145
2462,47,353
2463,48,449
2464,48,71
2465,49,107
2466,49,377
2467,49,389
2468,5,355
2469,5,381
2470,5,6
2471,5,7
2472,5,8
2473,5,97
2474,50,171
2475,50,93
2476,51,159
2477,51,209
2478,51,210
2479,51,365
2480,51,61
2481,52,101
2482,52,123
2483,52,127
2484,52,131
2485,52,152
2486,52,153
2487,52,226
2488,52,283
2489,52,312
2490,52,328
2491,52,357
2492,52,371
2493,52,374
2494,52,383
2495,52,465
2496,52,466
2497,52,70
2498,52,75
2499,53,273
2500,53,304
2501,53,325
2502,53,340
2503,53,468
2504,53,66
2505,54,118
2506,54,136
2507,54,207
2508,54,310
2509,54,311
2510,54,471
2511,55,203
2512,55,304
2513,56,211
2514,56,325
2515,56,403
2516,57,214
2517,57,314
2518,57,339
2519,58,141
2520,58,143
2521,58,321
2522,58,434
2523,58,460
2524,58,69
2525,58,74
2526,59,152
2527,6,169
2528,6,355
2529,6,381
2530,6,7
2531,6,8
2532,60,64
2533,61,137
2534,61,159
2535,61,209
2536,61,210
2537,61,273
2538,61,336
2539,61,343
2540,61,365
2541,61,70
2542,61,75
2543,62,319
2544,62,333
2545,62,348
2546,62,470
2547,62,68
2548,63,348
2549,64,273
2550,65,314
2551,66,116
2552,66,273
2553,66,304
2554,66,325
2555,66,328
2556,66,334
2557,66,340
2558,66,408
2559,66,415
2560,66,468
2561,67,111
2562,67,115
2563,67,212
2564,67,227
2565,68,138
2566,68,299
2567,68,319
2568,68,324
2569,68,330
2570,68,333
2571,68,348
2572,68,423
2573,69,141
2574,69,143
2575,69,321
2576,69,434
2577,69,460
2578,69,74
2579,7,355
2580,7,381
2581,7,8
2582,70,131
2583,70,137
2584,70,273
2585,70,336
2586,70,343
2587,70,75
2588,71,331
2589,71,449
2590,71,73
2591,72,128
2592,72,129
2593,72,132
2594,72,140
2595,72,156
2596,72,167
2597,72,281
2598,72,320
2599,72,352
2600,72,453
2601,72,478
2602,72,95
2603,73,175
2604,73,287
2605,73,331
2606,74,141
2607,74,143
2608,74,321
2609,74,434
2610,74,460
2611,75,101
2612,75,123
2613,75,127
2614,75,131
2615,75,137
2616,75,145
2617,75,152
2618,75,153
2619,75,226
2620,75,273
2621,75,282
2622,75,283
2623,75,312
2624,75,328
2625,75,336
2626,75,343
2627,75,357
2628,75,366
2629,75,371
2630,75,374
2631,75,383
2632,75,386
2633,75,424
2634,75,442
2635,75,452
2636,75,458
2637,75,465
2638,75,466
2639,76,133
2640,76,208
2641,76,375
2642,76,410
2643,76,429
2644,77,171
2645,77,200
2646,77,341
2647,77,388
2648,77,416
2649,77,99
2650,78,142
2651,78,343
2652,78,451
2653,78,463
2654,78,80
2655,79,134
2656,79,469
2657,8,10
2658,8,355
2659,8,381
2660,8,413
2661,8,486
2662,80,114
2663,80,142
2664,80,343
2665,80,451
2666,80,463
2667,81,137
2668,81,241
2669,82,176
2670,82,286
2671,82,342
2672,82,384
2673,82,426
2674,82,477
2675,82,84
2676,83,161
2677,84,176
2678,84,177
2679,84,196
2680,84,286
2681,84,303
2682,84,342
2683,84,384
2684,84,401
2685,84,426
2686,84,477
2687,85,115
2688,85,126
2689,85,91
2690,86,124
2691,86,228
2692,86,242
2693,87,148
2694,87,338
2695,87,470
2696,88,369
2697,88,370
2698,88,98
2699,9,176
2700,9,286
2701,9,29
2702,9,34
2703,9,342
2704,9,372
2705,9,384
2706,9,387
2707,9,390
2708,9,400
2709,9,406
2710,9,417
2711,9,422
2712,9,426
2713,9,440
2714,9,447
2715,9,473
2716,9,477
2717,9,82
2718,9,84
2719,90,104
2720,90,109
2721,90,204
2722,90,357
2723,90,407
2724,92,130
2725,92,351
2726,93,171
2727,94,110
2728,94,160
2729,94,202
2730,95,128
2731,95,129
2732,95,140
2733,95,156
2734,95,167
2735,95,281
2736,95,320
2737,95,350
2738,95,352
2739,95,373
2740,95,478
2741,96,216
2742,98,106
2743,98,204
2744,98,308
2745,98,315
2746,98,369
2747,98,370
2748,99,171
2749,99,200
2750,99,341
2751,99,388
2752,99,401
2753,99,416
2754,99,436
