0,1,1
1,1,2
2,1,3
3,1,4
4,1,5
5,1,6
6,1,7
7,1,8
8,1,9
9,1,10
10,1,11
11,1,12
12,1,13
13,1,14
14,1,15
15,1,16
16,1,17
17,1,18
18,1,19
19,1,20
20,138,6
21,138,11
22,138,12
23,138,14
24,138,15
25,138,16
26,138,18
27,143,5
28,143,9
29,143,13
30,368,8
31,368,20
32,138,1629
33,138,1630
34,138,1631
35,138,1632
36,138,1633
37,138,1634
38,138,1635
39,143,1654
40,143,1655
41,143,1656
42,143,1657
43,143,1658
44,143,1659
45,143,1660
46,143,1661
47,143,318
48,143,1662
49,143,1663
50,143,1664
51,143,1665
52,143,1666
53,143,1667
54,143,1668
55,143,941
56,143,943
57,143,946
58,143,1669
59,143,1670
60,143,947
61,143,1671
62,143,1672
63,143,1673
64,143,1674
65,368,3605
66,368,1657
67,368,3606
68,368,3607
69,368,990
70,368,3608
71,368,295
72,368,3609
73,368,3610
74,368,3611
75,368,3612
76,368,2713
77,368,297
78,368,3613
79,368,3614
80,368,299
81,368,3615
82,368,3616
83,368,3617
84,368,3618
85,368,3619
86,368,3620
87,368,3621
88,368,3622
89,368,3623
90,368,3624
91,20,295
92,20,297
93,20,299
94,22,318
95,58,941
96,58,943
97,58,946
98,58,947
99,68,990
100,139,1629
101,139,1630
102,140,1629
103,140,1630
104,144,1654
105,260,2713
106,447,1656
107,447,1658
108,447,1659
109,447,1661
110,447,318
111,447,1663
112,447,1664
113,447,1665
114,447,1666
115,447,1668
116,447,941
117,447,943
118,447,947
119,457,1660
120,20,284
121,20,293
122,20,285
123,20,294
124,20,296
125,20,298
126,20,300
127,22,315
128,22,125
129,22,316
130,22,317
131,22,319
132,22,320
133,22,321
134,22,322
135,22,323
136,22,324
137,22,325
138,22,326
139,22,327
140,22,328
141,22,329
142,22,330
143,22,331
144,58,925
145,58,926
146,58,927
147,58,928
148,58,929
149,58,930
150,58,931
151,58,932
152,58,933
153,58,934
154,58,935
155,58,936
156,58,937
157,58,938
158,58,939
159,58,940
160,58,942
161,58,944
162,58,945
163,58,948
164,58,949
165,58,950
166,58,951
167,68,989
168,68,991
169,68,992
170,68,993
171,68,994
172,68,995
173,68,996
174,68,997
175,68,998
176,68,999
177,68,1000
178,68,1001
179,140,1636
180,140,1637
181,140,1638
182,144,1675
183,144,1676
184,144,1677
185,144,605
186,144,1678
187,144,610
188,144,1679
189,144,1680
190,144,1681
191,144,1682
192,144,1683
193,144,1684
194,144,1685
195,144,1686
196,144,1687
197,260,2710
198,260,2711
199,260,1675
200,260,2712
201,260,2714
202,260,2715
203,260,2716
204,260,2717
205,260,2718
206,260,2719
207,260,2720
208,260,1682
209,260,2721
210,260,1685
211,260,2722
212,260,1824
213,260,2723
214,260,2724
215,260,2725
216,447,4144
217,447,4145
218,447,4146
219,447,4147
220,447,4148
221,447,4149
222,447,4150
223,447,4151
224,447,489
225,447,939
226,447,4152
227,447,4153
228,447,1155
229,447,4154
230,447,4155
231,447,3663
232,447,445
233,447,1824
234,447,4156
235,447,4157
236,447,451
237,447,4158
238,457,4196
239,457,775
240,457,4197
241,457,4198
242,457,4199
243,457,784
244,457,4200
245,457,2148
246,457,3163
247,457,4201
248,457,4202
249,457,4203
250,457,4204
251,457,834
252,457,4205
253,457,845
254,457,4206
255,457,848
256,457,4207
257,457,4208
258,457,853
259,457,856
260,457,4209
261,457,477
262,457,876
263,457,4210
264,8,125
265,19,284
266,19,285
267,21,284
268,21,285
269,28,445
270,28,451
271,29,477
272,31,489
273,40,605
274,40,610
275,53,775
276,53,784
277,53,834
278,53,845
279,53,848
280,53,853
281,53,856
282,53,477
283,53,876
284,57,925
285,59,925
286,59,926
287,59,927
288,59,928
289,59,929
290,59,930
291,59,931
292,59,933
293,59,934
294,59,935
295,59,940
296,69,989
297,70,989
298,91,937
299,96,1155
300,108,834
301,108,856
302,154,1824
303,192,2148
304,200,323
305,200,324
306,200,331
307,261,2710
308,261,2711
309,261,1675
310,261,2716
311,261,2718
312,261,1682
313,261,1685
314,261,2723
315,261,1687
316,261,2725
317,275,323
318,275,324
319,276,940
320,276,945
321,315,3163
322,345,294
323,359,939
324,359,944
325,378,3663
326,378,1824
327,418,3663
328,8,124
329,8,126
330,8,127
331,8,128
332,8,129
333,8,130
334,8,131
335,8,132
336,8,133
337,8,134
338,19,286
339,19,287
340,19,288
341,19,289
342,19,290
343,19,291
344,19,292
345,21,301
346,21,302
347,21,286
348,21,303
349,21,304
350,21,305
351,21,306
352,21,307
353,21,308
354,21,309
355,21,310
356,21,311
357,21,312
358,21,313
359,21,314
360,28,377
361,28,389
362,28,390
363,28,391
364,28,392
365,28,393
366,28,394
367,28,395
368,28,396
369,28,397
370,28,398
371,28,399
372,28,400
373,28,401
374,28,402
375,28,403
376,28,404
377,28,405
378,28,406
379,28,407
380,28,408
381,28,409
382,28,410
383,28,411
384,28,412
385,28,413
386,28,414
387,28,415
388,28,416
389,28,417
390,28,418
391,28,419
392,28,420
393,28,421
394,28,422
395,28,423
396,28,424
397,28,425
398,28,426
399,28,427
400,28,428
401,28,429
402,28,430
403,28,431
404,28,432
405,28,433
406,28,434
407,28,435
408,28,436
409,28,437
410,28,438
411,28,439
412,28,440
413,28,441
414,28,442
415,28,443
416,28,444
417,28,446
418,28,447
419,28,448
420,28,449
421,28,450
422,28,452
423,28,453
424,28,454
425,28,455
426,28,456
427,28,457
428,29,458
429,29,459
430,29,271
431,29,460
432,29,461
433,29,462
434,29,463
435,29,272
436,29,464
437,29,465
438,29,466
439,29,467
440,29,468
441,29,469
442,29,470
443,29,471
444,29,472
445,29,473
446,29,474
447,29,475
448,29,476
449,29,85
450,31,478
451,31,480
452,31,481
453,31,482
454,31,483
455,31,484
456,31,485
457,31,479
458,31,486
459,31,487
460,31,488
461,31,490
462,31,491
463,31,492
464,31,493
465,31,494
466,31,495
467,31,496
468,31,497
469,31,498
470,31,499
471,31,500
472,31,501
473,31,502
474,31,503
475,31,504
476,31,505
477,31,506
478,31,507
479,40,564
480,40,598
481,40,599
482,40,568
483,40,569
484,40,570
485,40,600
486,40,601
487,40,602
488,40,603
489,40,604
490,40,573
491,40,606
492,40,607
493,40,608
494,40,609
495,40,611
496,40,612
497,40,613
498,40,614
499,40,615
500,40,616
501,40,617
502,40,618
503,40,619
504,40,620
505,40,621
506,40,622
507,40,623
508,40,624
509,40,625
510,40,626
511,53,770
512,53,771
513,53,772
514,53,773
515,53,774
516,53,776
517,53,777
518,53,778
519,53,779
520,53,780
521,53,781
522,53,782
523,53,783
524,53,785
525,53,786
526,53,787
527,53,788
528,53,514
529,53,789
530,53,790
531,53,791
532,53,792
533,53,793
534,53,794
535,53,795
536,53,796
537,53,797
538,53,798
539,53,799
540,53,800
541,53,515
542,53,516
543,53,801
544,53,802
545,53,803
546,53,804
547,53,805
548,53,806
549,53,807
550,53,808
551,53,809
552,53,810
553,53,811
554,53,812
555,53,813
556,53,814
557,53,815
558,53,517
559,53,816
560,53,817
561,53,818
562,53,819
563,53,820
564,53,821
565,53,822
566,53,823
567,53,824
568,53,825
569,53,826
570,53,827
571,53,828
572,53,829
573,53,830
574,53,831
575,53,832
576,53,833
577,53,835
578,53,836
579,53,837
580,53,838
581,53,839
582,53,840
583,53,841
584,53,842
585,53,843
586,53,844
587,53,518
588,53,846
589,53,847
590,53,849
591,53,850
592,53,851
593,53,852
594,53,854
595,53,855
596,53,857
597,53,858
598,53,859
599,53,860
600,53,861
601,53,862
602,53,863
603,53,864
604,53,865
605,53,866
606,53,867
607,53,868
608,53,869
609,53,870
610,53,871
611,53,872
612,53,873
613,53,874
614,53,875
615,53,877
616,53,878
617,53,879
618,59,952
619,59,953
620,59,954
621,59,955
622,59,956
623,59,957
624,59,958
625,59,959
626,59,960
627,59,961
628,59,962
629,59,963
630,59,964
631,70,1002
632,70,1003
633,91,1119
634,91,1120
635,91,1121
636,91,1122
637,91,1123
638,91,1124
639,91,1125
640,91,1126
641,91,1127
642,96,1144
643,96,1150
644,96,1151
645,96,1152
646,96,1145
647,96,1153
648,96,1154
649,96,1156
650,96,1157
651,96,1158
652,108,1253
653,108,1254
654,108,1255
655,108,1256
656,108,1257
657,108,1258
658,108,1259
659,108,1260
660,108,1261
661,108,1262
662,108,1263
663,108,1264
664,108,1265
665,108,1266
666,154,1767
667,154,1770
668,154,1771
669,154,1772
670,154,1773
671,154,1774
672,154,1748
673,154,1775
674,154,1776
675,154,1777
676,154,1778
677,154,1779
678,154,1780
679,154,1781
680,154,1782
681,154,1783
682,154,1784
683,154,1785
684,154,1786
685,154,1787
686,154,1788
687,154,1789
688,154,1790
689,154,1791
690,154,1792
691,154,1793
692,154,1794
693,154,1795
694,154,423
695,154,1796
696,154,1797
697,154,1798
698,154,1799
699,154,1800
700,154,1801
701,154,1802
702,154,1803
703,154,1804
704,154,718
705,154,1805
706,154,1806
707,154,1807
708,154,1808
709,154,1809
710,154,1810
711,154,1811
712,154,1812
713,154,1813
714,154,1814
715,154,1815
716,154,1816
717,154,1817
718,154,1818
719,154,1819
720,154,1820
721,154,1821
722,154,1822
723,154,1823
724,154,723
725,154,1825
726,154,1826
727,154,1827
728,154,1828
729,154,1829
730,154,1830
731,154,1831
732,154,1832
733,154,1833
734,154,1834
735,154,1835
736,154,1836
737,154,1837
738,154,728
739,154,729
740,192,2142
741,192,2143
742,192,2144
743,192,2145
744,192,2146
745,192,2147
746,192,2149
747,192,2150
748,192,2151
749,192,2152
750,200,2179
751,200,2180
752,200,2181
753,200,2182
754,261,2726
755,261,2727
756,261,2728
757,261,2729
758,261,2730
759,261,2731
760,261,2732
761,261,2486
762,261,2487
763,261,754
764,261,2733
765,261,85
766,261,2734
767,261,91
768,261,2735
769,261,93
770,275,2823
771,276,2823
772,276,2824
773,276,2825
774,276,2826
775,276,2827
776,276,1124
777,276,2828
778,276,2829
779,276,2830
780,276,1125
781,276,1126
782,276,2831
783,276,1127
784,276,2832
785,276,2833
786,276,2834
787,276,2835
788,276,2836
789,276,2837
790,276,2838
791,315,3159
792,315,1425
793,315,3160
794,315,778
795,315,1426
796,315,1255
797,315,3161
798,315,1257
799,315,3162
800,315,1258
801,315,3164
802,315,3165
803,315,3166
804,315,3167
805,315,3168
806,315,3169
807,315,3170
808,315,3171
809,315,3172
810,315,3173
811,315,3174
812,315,3175
813,345,3412
814,345,3413
815,345,3425
816,345,3426
817,345,3427
818,345,3428
819,345,3429
820,345,3430
821,359,3531
822,359,3533
823,359,3534
824,359,3535
825,359,3536
826,359,3537
827,359,3538
828,359,3539
829,359,3540
830,359,227
831,359,3541
832,359,3542
833,359,3543
834,378,3649
835,378,390
836,378,3655
837,378,3656
838,378,3650
839,378,3657
840,378,408
841,378,3581
842,378,419
843,378,1311
844,378,421
845,378,2437
846,378,2438
847,378,3658
848,378,3659
849,378,3660
850,378,3661
851,378,3662
852,378,432
853,378,2444
854,378,442
855,378,3664
856,378,767
857,378,3448
858,378,457
859,418,3950
860,418,3971
861,418,3951
862,418,3972
863,418,3955
864,418,3973
865,418,3974
866,418,3975
867,418,3976
868,418,3977
869,418,3978
870,418,3979
871,418,3980
872,418,3981
873,4,85
874,4,91
875,4,93
876,12,227
877,18,271
878,18,272
879,27,377
880,30,478
881,30,479
882,32,478
883,32,480
884,32,484
885,32,497
886,32,505
887,33,514
888,33,515
889,33,516
890,33,517
891,33,518
892,34,452
893,38,564
894,39,568
895,39,569
896,39,570
897,39,573
898,39,292
899,42,504
900,45,718
901,45,723
902,45,728
903,45,729
904,48,611
905,48,617
906,48,625
907,50,754
908,50,613
909,51,400
910,51,401
911,51,426
912,51,428
913,51,431
914,51,436
915,51,438
916,51,442
917,51,444
918,51,767
919,51,453
920,51,456
921,51,457
922,52,431
923,52,442
924,52,457
925,92,1119
926,92,1121
927,92,1126
928,92,85
929,93,1119
930,93,598
931,93,599
932,93,1121
933,93,606
934,93,608
935,93,609
936,93,612
937,93,625
938,94,1144
939,94,1145
940,95,1144
941,95,1145
942,97,1154
943,115,1311
944,119,778
945,126,1425
946,126,1426
947,126,1255
948,126,1258
949,141,403
950,141,404
951,141,408
952,141,411
953,149,402
954,150,1748
955,153,1767
956,177,754
957,177,613
958,183,493
959,183,498
960,183,500
961,183,505
962,189,1772
963,193,2142
964,193,2144
965,193,2145
966,193,2147
967,193,2149
968,193,833
969,193,846
970,193,2151
971,193,849
972,194,2142
973,194,2144
974,194,2145
975,194,2147
976,199,2179
977,221,314
978,227,2437
979,227,2438
980,227,2444
981,228,286
982,228,1793
983,228,1798
984,229,2486
985,229,2487
986,270,1805
987,279,772
988,279,780
989,279,781
990,279,785
991,279,833
992,279,846
993,279,849
994,282,606
995,295,481
996,295,485
997,295,486
998,296,1809
999,296,1816
1000,296,1822
1001,298,2143
1002,298,2146
1003,300,2837
1004,307,772
1005,307,779
1006,307,781
1007,307,789
1008,307,794
1009,307,804
1010,307,809
1011,307,812
1012,307,816
1013,307,831
1014,307,833
1015,307,838
1016,307,843
1017,307,846
1018,307,850
1019,307,851
1020,307,859
1021,307,863
1022,307,869
1023,307,877
1024,307,879
1025,311,465
1026,316,3159
1027,316,3160
1028,316,3164
1029,316,818
1030,317,2824
1031,317,2825
1032,317,2829
1033,318,2824
1034,318,2825
1035,318,2829
1036,318,2830
1037,318,2833
1038,318,2834
1039,319,2824
1040,321,396
1041,321,425
1042,322,480
1043,322,484
1044,322,502
1045,332,405
1046,344,3412
1047,344,3413
1048,348,3448
1049,358,3531
1050,364,1123
1051,364,3581
1052,364,417
1053,377,3649
1054,377,3650
1055,377,408
1056,377,767
1057,379,952
1058,403,773
1059,403,777
1060,410,2734
1061,410,91
1062,410,2735
1063,412,774
1064,412,786
1065,412,787
1066,412,788
1067,412,792
1068,412,516
1069,412,809
1070,412,810
1071,412,811
1072,412,816
1073,412,819
1074,412,830
1075,412,831
1076,412,832
1077,412,838
1078,412,842
1079,412,847
1080,412,850
1081,412,852
1082,412,859
1083,412,866
1084,412,869
1085,416,462
1086,417,3950
1087,417,3951
1088,417,3955
1089,438,486
1090,440,486
1091,442,879
1092,448,1775
1093,448,1776
1094,448,1777
1095,448,1784
1096,448,408
1097,448,1785
1098,448,1786
1099,448,1787
1100,448,1789
1101,448,1793
1102,448,1798
1103,449,392
1104,449,397
1105,449,1748
1106,449,407
1107,449,417
1108,449,1794
1109,449,419
1110,449,421
1111,449,3662
1112,451,1770
1113,451,1772
1114,451,1774
1115,451,1783
1116,451,1784
1117,451,423
1118,4,21
1119,4,78
1120,4,24
1121,4,25
1122,4,79
1123,4,26
1124,4,27
1125,4,30
1126,4,31
1127,4,32
1128,4,33
1129,4,34
1130,4,37
1131,4,38
1132,4,39
1133,4,80
1134,4,41
1135,4,43
1136,4,44
1137,4,45
1138,4,46
1139,4,48
1140,4,81
1141,4,82
1142,4,83
1143,4,84
1144,4,86
1145,4,53
1146,4,87
1147,4,88
1148,4,89
1149,4,90
1150,4,64
1151,4,65
1152,4,74
1153,4,92
1154,4,94
1155,12,213
1156,12,214
1157,12,215
1158,12,216
1159,12,217
1160,12,218
1161,12,219
1162,12,220
1163,12,221
1164,12,222
1165,12,223
1166,12,224
1167,12,225
1168,12,226
1169,12,228
1170,18,268
1171,18,273
1172,18,274
1173,18,275
1174,18,276
1175,18,277
1176,18,278
1177,18,279
1178,18,280
1179,18,281
1180,18,282
1181,18,283
1182,27,378
1183,27,379
1184,27,380
1185,27,381
1186,27,382
1187,27,383
1188,27,384
1189,27,385
1190,27,386
1191,27,387
1192,27,388
1193,32,508
1194,32,509
1195,32,510
1196,32,511
1197,32,512
1198,33,513
1199,34,519
1200,34,520
1201,34,521
1202,34,522
1203,34,523
1204,34,524
1205,34,525
1206,34,526
1207,34,527
1208,34,528
1209,34,529
1210,34,530
1211,38,563
1212,38,565
1213,38,566
1214,38,567
1215,39,563
1216,39,571
1217,39,572
1218,39,574
1219,39,575
1220,39,249
1221,39,576
1222,39,250
1223,39,577
1224,39,251
1225,39,578
1226,39,579
1227,39,253
1228,39,580
1229,39,581
1230,39,565
1231,39,582
1232,39,566
1233,39,583
1234,39,584
1235,39,585
1236,39,586
1237,39,587
1238,39,262
1239,39,588
1240,39,589
1241,39,590
1242,39,591
1243,39,592
1244,39,593
1245,39,594
1246,39,595
1247,39,596
1248,39,597
1249,42,627
1250,42,655
1251,42,656
1252,42,657
1253,42,636
1254,42,658
1255,42,659
1256,42,660
1257,42,661
1258,42,662
1259,42,645
1260,42,663
1261,42,664
1262,45,233
1263,45,695
1264,45,696
1265,45,697
1266,45,698
1267,45,699
1268,45,700
1269,45,701
1270,45,702
1271,45,703
1272,45,704
1273,45,705
1274,45,706
1275,45,707
1276,45,708
1277,45,709
1278,45,710
1279,45,711
1280,45,712
1281,45,713
1282,45,714
1283,45,715
1284,45,716
1285,45,717
1286,45,719
1287,45,720
1288,45,721
1289,45,722
1290,45,724
1291,45,725
1292,45,726
1293,45,727
1294,45,730
1295,48,733
1296,48,734
1297,48,735
1298,48,736
1299,48,737
1300,50,733
1301,50,746
1302,50,738
1303,50,747
1304,50,739
1305,50,748
1306,50,749
1307,50,750
1308,50,751
1309,50,752
1310,50,753
1311,50,755
1312,50,756
1313,50,757
1314,50,758
1315,50,759
1316,50,760
1317,50,761
1318,50,762
1319,51,763
1320,51,764
1321,51,765
1322,51,766
1323,52,763
1324,52,764
1325,52,765
1326,52,768
1327,52,769
1328,92,1128
1329,92,1129
1330,92,1130
1331,92,1131
1332,92,83
1333,92,88
1334,92,89
1335,92,90
1336,92,92
1337,92,94
1338,93,1132
1339,93,1128
1340,93,1133
1341,93,1134
1342,93,1135
1343,93,1131
1344,93,1136
1345,93,1137
1346,93,1138
1347,93,1139
1348,93,1140
1349,93,1141
1350,93,1142
1351,93,1143
1352,95,1146
1353,95,1147
1354,95,1148
1355,95,1149
1356,97,1159
1357,97,1160
1358,97,1161
1359,97,1162
1360,97,1163
1361,97,1164
1362,97,1165
1363,97,1166
1364,97,1167
1365,97,1168
1366,97,1169
1367,97,1170
1368,97,1171
1369,97,1172
1370,97,1173
1371,97,1174
1372,97,1175
1373,97,1176
1374,97,1177
1375,97,1178
1376,97,1179
1377,97,1180
1378,115,1301
1379,115,1304
1380,115,1305
1381,115,1306
1382,115,1307
1383,115,1308
1384,115,1309
1385,115,1310
1386,115,1312
1387,115,1313
1388,115,1314
1389,115,1315
1390,115,1316
1391,115,1317
1392,115,1318
1393,115,1319
1394,115,1320
1395,119,1329
1396,119,1330
1397,119,1331
1398,119,1332
1399,119,1333
1400,119,1334
1401,119,1335
1402,119,1336
1403,119,1337
1404,119,1338
1405,119,1339
1406,119,1340
1407,119,1341
1408,119,1342
1409,119,1343
1410,119,1344
1411,119,1345
1412,119,1346
1413,119,1347
1414,126,1393
1415,126,1424
1416,126,1395
1417,126,1427
1418,126,1396
1419,126,1398
1420,126,1400
1421,126,1401
1422,126,1428
1423,126,1404
1424,126,1406
1425,126,1429
1426,126,1407
1427,126,1408
1428,126,1430
1429,126,1431
1430,126,1432
1431,126,1433
1432,126,1412
1433,126,1434
1434,126,1414
1435,126,1415
1436,126,1435
1437,126,1436
1438,126,1417
1439,126,1437
1440,126,1420
1441,126,1438
1442,126,1423
1443,126,1439
1444,141,1639
1445,141,1640
1446,141,1641
1447,141,1642
1448,141,1643
1449,141,1644
1450,141,1645
1451,141,1646
1452,141,1647
1453,141,1648
1454,141,1649
1455,141,1650
1456,149,1711
1457,149,1712
1458,149,1713
1459,149,1714
1460,149,1715
1461,149,1716
1462,149,1717
1463,149,1718
1464,149,1719
1465,149,1720
1466,149,1721
1467,149,1722
1468,149,1723
1469,149,1724
1470,149,1725
1471,149,1726
1472,149,1727
1473,149,1728
1474,149,1729
1475,149,1548
1476,149,1730
1477,149,1731
1478,149,1732
1479,149,1733
1480,149,1734
1481,149,1735
1482,149,1736
1483,149,1737
1484,149,1738
1485,149,1739
1486,149,1740
1487,149,1741
1488,150,1742
1489,150,1743
1490,150,1744
1491,150,1745
1492,150,1746
1493,150,1307
1494,150,1747
1495,150,1749
1496,150,1750
1497,150,1751
1498,153,1753
1499,153,1768
1500,153,1769
1501,177,746
1502,177,747
1503,177,748
1504,177,751
1505,177,2008
1506,183,695
1507,183,2009
1508,183,2010
1509,183,2072
1510,183,2058
1511,183,2073
1512,183,510
1513,183,2074
1514,183,710
1515,183,2075
1516,183,2076
1517,183,2077
1518,183,2078
1519,183,281
1520,183,2079
1521,183,2080
1522,183,2081
1523,183,2082
1524,189,2103
1525,189,1878
1526,189,2109
1527,189,2110
1528,189,2111
1529,189,2104
1530,189,2112
1531,189,2113
1532,189,1888
1533,189,2114
1534,189,2115
1535,189,2105
1536,189,2116
1537,189,2117
1538,189,2118
1539,189,2106
1540,189,2107
1541,189,2108
1542,189,2119
1543,189,2120
1544,189,2121
1545,189,2122
1546,189,2123
1547,189,2124
1548,193,2153
1549,193,2154
1550,193,2155
1551,193,2156
1552,193,2157
1553,194,2158
1554,194,2159
1555,194,2160
1556,194,2161
1557,194,2162
1558,194,2163
1559,194,2164
1560,221,2381
1561,221,2388
1562,221,2389
1563,221,2390
1564,221,2382
1565,221,2391
1566,221,2383
1567,221,2392
1568,221,2393
1569,221,2394
1570,221,2395
1571,221,2396
1572,221,2397
1573,221,2398
1574,221,2399
1575,221,2400
1576,221,2401
1577,221,2387
1578,221,2402
1579,221,2403
1580,221,2404
1581,221,2405
1582,221,2406
1583,221,2407
1584,221,2408
1585,221,2409
1586,221,2410
1587,221,2411
1588,221,2412
1589,221,2413
1590,221,2414
1591,227,629
1592,227,2432
1593,227,1522
1594,227,1523
1595,227,2433
1596,227,658
1597,227,2434
1598,227,659
1599,227,2435
1600,227,660
1601,227,2436
1602,227,1507
1603,227,2439
1604,227,2440
1605,227,2441
1606,227,2442
1607,227,2443
1608,227,2445
1609,227,2446
1610,227,2447
1611,227,2448
1612,227,2449
1613,228,629
1614,228,2450
1615,228,215
1616,228,216
1617,228,2451
1618,228,2452
1619,228,2453
1620,228,2454
1621,228,2455
1622,228,2456
1623,228,218
1624,228,2457
1625,228,2458
1626,228,2459
1627,228,220
1628,228,2460
1629,228,2461
1630,228,221
1631,228,224
1632,228,2462
1633,228,2463
1634,228,2464
1635,228,2465
1636,228,2466
1637,228,2467
1638,228,2468
1639,228,2469
1640,228,2470
1641,228,2471
1642,228,2472
1643,228,2473
1644,228,663
1645,228,2474
1646,228,2475
1647,228,2476
1648,228,2477
1649,228,2478
1650,228,2479
1651,228,2480
1652,228,2481
1653,228,2482
1654,229,2483
1655,229,2484
1656,229,2485
1657,229,2488
1658,229,2489
1659,229,2490
1660,270,2787
1661,270,2795
1662,270,2788
1663,270,2790
1664,270,2796
1665,270,2791
1666,270,2797
1667,270,2792
1668,270,2798
1669,270,2799
1670,270,2800
1671,279,2839
1672,279,2843
1673,279,2844
1674,279,2845
1675,279,2841
1676,279,2846
1677,279,2847
1678,279,2848
1679,279,2849
1680,279,2850
1681,279,2851
1682,279,2154
1683,279,2852
1684,279,2853
1685,279,2854
1686,279,2855
1687,279,2856
1688,279,2857
1689,279,2858
1690,279,2859
1691,279,2860
1692,279,2861
1693,279,2862
1694,279,2863
1695,279,2864
1696,279,2865
1697,279,2866
1698,279,2867
1699,279,2868
1700,282,2873
1701,282,2887
1702,282,2888
1703,282,2889
1704,282,2890
1705,282,2884
1706,282,351
1707,295,2970
1708,295,2987
1709,295,2971
1710,295,2988
1711,295,2989
1712,295,2990
1713,295,2973
1714,295,2991
1715,295,2992
1716,295,2993
1717,295,2994
1718,295,2995
1719,295,2996
1720,295,2980
1721,295,2997
1722,295,2998
1723,295,2984
1724,296,2999
1725,296,1521
1726,296,1562
1727,296,3000
1728,296,1566
1729,296,2539
1730,296,3001
1731,296,2540
1732,296,3002
1733,296,3003
1734,296,3004
1735,298,3025
1736,298,3026
1737,298,3027
1738,298,3028
1739,298,3029
1740,300,3030
1741,300,3031
1742,300,3032
1743,300,3033
1744,300,3037
1745,300,3035
1746,300,3038
1747,300,3039
1748,300,3040
1749,300,3036
1750,300,3041
1751,300,3042
1752,300,3043
1753,300,3044
1754,300,3045
1755,300,3046
1756,307,1330
1757,307,3095
1758,307,3096
1759,307,3097
1760,307,3098
1761,307,3099
1762,307,3100
1763,307,900
1764,307,3101
1765,307,3102
1766,307,3103
1767,307,3104
1768,307,3105
1769,307,3106
1770,307,3107
1771,311,3133
1772,311,3134
1773,311,3135
1774,311,3136
1775,311,3137
1776,311,3138
1777,311,3139
1778,311,3140
1779,316,3176
1780,316,3177
1781,316,3178
1782,316,3179
1783,316,3180
1784,316,1589
1785,316,3181
1786,316,3182
1787,318,3183
1788,319,3184
1789,321,3185
1790,321,3186
1791,321,3196
1792,321,3197
1793,321,3198
1794,321,3199
1795,321,3200
1796,321,3201
1797,321,3202
1798,321,3203
1799,321,3204
1800,321,3205
1801,321,362
1802,321,3206
1803,321,3207
1804,322,3208
1805,322,3209
1806,322,3210
1807,322,3211
1808,322,3212
1809,322,3213
1810,322,3214
1811,332,3238
1812,332,3248
1813,332,3239
1814,332,3249
1815,332,3259
1816,332,3240
1817,332,241
1818,332,3241
1819,332,140
1820,332,3242
1821,332,1523
1822,332,3243
1823,332,3260
1824,332,3261
1825,332,3244
1826,332,3250
1827,332,3262
1828,332,2961
1829,332,1359
1830,332,3245
1831,332,1501
1832,332,178
1833,332,3263
1834,332,3246
1835,332,3264
1836,332,3265
1837,332,3266
1838,332,3267
1839,332,1504
1840,332,1507
1841,332,3268
1842,332,3269
1843,332,1510
1844,332,3270
1845,332,3271
1846,332,3272
1847,332,3273
1848,332,3274
1849,332,190
1850,332,3275
1851,332,3276
1852,332,3277
1853,332,168
1854,332,3278
1855,332,3279
1856,332,3280
1857,332,3281
1858,332,3282
1859,332,3283
1860,332,3284
1861,332,3285
1862,332,3286
1863,344,3414
1864,344,3415
1865,344,3416
1866,344,3417
1867,344,3418
1868,344,3419
1869,344,3420
1870,344,3421
1871,344,3422
1872,344,3423
1873,344,3424
1874,348,3319
1875,348,3348
1876,348,3445
1877,348,3331
1878,348,3446
1879,348,3447
1880,348,1849
1881,348,1850
1882,358,3532
1883,364,3577
1884,364,2373
1885,364,3578
1886,364,3579
1887,364,3580
1888,364,2374
1889,364,2375
1890,364,2376
1891,364,3582
1892,364,3583
1893,364,3584
1894,364,3585
1895,364,3586
1896,364,3587
1897,364,3588
1898,364,3589
1899,364,3590
1900,364,2512
1901,377,2943
1902,377,2944
1903,377,3651
1904,377,3652
1905,377,3653
1906,377,3654
1907,379,3665
1908,379,3666
1909,379,3667
1910,379,3668
1911,403,3842
1912,403,3843
1913,403,3844
1914,403,3845
1915,403,3846
1916,403,3847
1917,403,3848
1918,403,3849
1919,403,3850
1920,403,3851
1921,403,3852
1922,410,3885
1923,410,3886
1924,410,3887
1925,410,3888
1926,410,3889
1927,410,3890
1928,410,3891
1929,410,3892
1930,410,3893
1931,410,87
1932,410,3894
1933,410,3895
1934,412,1330
1935,412,3896
1936,412,3099
1937,412,3897
1938,412,3898
1939,412,3899
1940,412,3900
1941,416,3905
1942,416,3928
1943,416,3929
1944,416,3930
1945,416,3911
1946,416,3931
1947,416,1248
1948,416,3932
1949,416,3912
1950,416,3933
1951,416,3934
1952,416,1250
1953,416,3935
1954,416,3915
1955,416,3916
1956,416,3936
1957,416,3937
1958,416,3938
1959,416,3939
1960,416,3940
1961,416,3941
1962,416,3942
1963,416,3943
1964,416,3944
1965,416,3945
1966,416,3946
1967,416,3947
1968,416,3948
1969,416,3926
1970,416,3949
1971,417,3952
1972,417,3953
1973,417,3954
1974,417,3956
1975,417,1136
1976,417,3957
1977,417,3958
1978,417,3959
1979,417,3960
1980,417,3961
1981,417,3962
1982,417,3963
1983,417,3964
1984,417,3965
1985,417,3966
1986,417,3967
1987,417,3968
1988,417,3969
1989,417,3970
1990,438,4050
1991,438,3221
1992,438,4051
1993,438,4054
1994,438,4058
1995,438,4059
1996,438,4060
1997,438,4061
1998,438,4062
1999,438,4063
2000,438,4064
2001,440,4050
2002,440,4065
2003,440,4066
2004,440,4052
2005,440,4053
2006,440,4051
2007,440,4067
2008,440,4068
2009,440,4054
2010,440,4069
2011,440,4058
2012,440,4070
2013,440,4059
2014,440,4060
2015,440,4055
2016,440,4061
2017,440,4071
2018,440,4062
2019,440,4072
2020,440,2648
2021,440,2649
2022,440,4077
2023,440,4078
2024,440,4073
2025,440,4074
2026,440,4075
2027,440,4076
2028,442,4079
2029,442,4080
2030,442,4081
2031,442,4082
2032,442,4083
2033,442,4084
2034,442,4085
2035,442,4086
2036,442,4087
2037,442,4088
2038,442,1909
2039,442,4089
2040,442,4090
2041,442,1057
2042,442,4091
2043,442,3079
2044,442,4092
2045,442,4093
2046,442,1059
2047,442,4094
2048,442,1060
2049,442,1063
2050,442,3081
2051,442,4095
2052,442,4096
2053,442,4097
2054,442,1067
2055,442,1068
2056,442,1070
2057,442,4098
2058,442,4099
2059,442,1071
2060,442,1072
2061,442,1073
2062,442,3083
2063,442,4100
2064,442,4101
2065,442,1078
2066,442,1079
2067,442,1081
2068,442,1082
2069,442,4102
2070,442,4103
2071,442,1083
2072,442,4104
2073,448,4159
2074,448,4160
2075,449,4159
2076,449,4161
2077,449,4162
2078,449,4163
2079,449,4164
2080,449,4165
2081,449,4166
2082,449,4167
2083,449,4168
2084,449,4169
2085,449,4170
2086,449,4171
2087,451,4172
2088,451,1754
2089,451,2371
2090,2,21
2091,2,24
2092,2,25
2093,2,26
2094,2,27
2095,2,30
2096,2,31
2097,2,32
2098,2,33
2099,2,34
2100,2,37
2101,2,38
2102,2,39
2103,2,41
2104,2,43
2105,2,44
2106,2,45
2107,2,46
2108,2,48
2109,2,53
2110,2,64
2111,2,65
2112,2,74
2113,3,21
2114,3,30
2115,3,31
2116,3,33
2117,5,48
2118,9,140
2119,9,168
2120,10,140
2121,11,140
2122,11,178
2123,11,190
2124,14,233
2125,16,241
2126,16,249
2127,16,250
2128,16,251
2129,16,253
2130,16,262
2131,17,268
2132,23,351
2133,25,362
2134,35,519
2135,35,520
2136,35,521
2137,35,522
2138,35,524
2139,35,525
2140,35,526
2141,35,527
2142,35,529
2143,35,530
2144,36,519
2145,36,520
2146,36,521
2147,36,522
2148,36,524
2149,36,525
2150,36,526
2151,36,528
2152,36,529
2153,37,519
2154,41,627
2155,41,629
2156,41,636
2157,41,645
2158,46,233
2159,46,701
2160,46,704
2161,46,705
2162,46,716
2163,49,733
2164,49,738
2165,49,739
2166,55,900
2167,76,1057
2168,76,1059
2169,76,1060
2170,76,1063
2171,76,1067
2172,76,1068
2173,76,1070
2174,76,1071
2175,76,1072
2176,76,1073
2177,76,1078
2178,76,1079
2179,76,1081
2180,76,1082
2181,76,1083
2182,79,1072
2183,106,1248
2184,106,1250
2185,114,1301
2186,120,1329
2187,120,1332
2188,120,1333
2189,120,1334
2190,120,1335
2191,120,1340
2192,120,1345
2193,121,1359
2194,122,1359
2195,125,1393
2196,125,1395
2197,125,1396
2198,125,1398
2199,125,1400
2200,125,1401
2201,125,1404
2202,125,1406
2203,125,1407
2204,125,1408
2205,125,1412
2206,125,1414
2207,125,1415
2208,125,1417
2209,125,1420
2210,125,1423
2211,129,657
2212,129,262
2213,130,1501
2214,130,178
2215,130,1504
2216,130,1507
2217,130,1510
2218,131,1521
2219,131,1522
2220,131,1523
2221,131,1548
2222,132,1562
2223,132,1566
2224,133,1589
2225,135,1431
2226,135,1435
2227,135,1436
2228,137,524
2229,142,1639
2230,148,721
2231,151,1742
2232,151,1744
2233,151,1745
2234,151,1753
2235,151,1754
2236,151,1749
2237,151,1750
2238,151,1725
2239,151,1728
2240,151,1548
2241,152,1742
2242,152,1745
2243,152,1749
2244,152,1750
2245,155,1849
2246,155,1850
2247,162,1878
2248,162,1888
2249,163,1909
2250,166,1909
2251,178,1424
2252,178,2009
2253,178,2010
2254,178,1427
2255,181,695
2256,181,698
2257,181,699
2258,181,753
2259,181,755
2260,182,695
2261,182,696
2262,182,697
2263,182,698
2264,182,699
2265,182,703
2266,182,706
2267,182,2058
2268,182,710
2269,182,712
2270,182,713
2271,182,724
2272,188,2103
2273,188,2104
2274,188,1888
2275,188,2105
2276,188,2106
2277,188,2107
2278,188,2108
2279,218,2371
2280,219,2373
2281,219,2374
2282,219,2375
2283,219,2376
2284,220,2381
2285,220,2382
2286,220,2383
2287,220,2387
2288,222,2381
2289,222,2389
2290,222,2382
2291,222,2383
2292,222,2392
2293,222,2398
2294,222,2400
2295,222,2401
2296,222,2387
2297,222,2407
2298,222,2410
2299,230,1730
2300,234,2512
2301,238,2539
2302,238,2540
2303,238,587
2304,239,572
2305,239,587
2306,240,1129
2307,243,2434
2308,243,2435
2309,243,2440
2310,243,2443
2311,244,1134
2312,250,2648
2313,250,2649
2314,265,580
2315,265,583
2316,265,588
2317,266,1644
2318,266,580
2319,266,2469
2320,266,583
2321,268,2787
2322,269,2787
2323,269,2788
2324,269,2790
2325,269,2791
2326,269,2792
2327,271,2787
2328,272,2787
2329,272,2788
2330,272,2790
2331,277,2839
2332,278,2839
2333,278,2841
2334,281,2873
2335,281,2884
2336,283,2873
2337,283,2884
2338,283,351
2339,292,2943
2340,292,2944
2341,293,2943
2342,293,2944
2343,293,2961
2344,294,2970
2345,294,2971
2346,294,2973
2347,294,2980
2348,294,2984
2349,297,2999
2350,297,1521
2351,297,1562
2352,297,1566
2353,297,2539
2354,297,2540
2355,297,3002
2356,297,3003
2357,297,3004
2358,299,3030
2359,299,3031
2360,299,3032
2361,299,3033
2362,299,3035
2363,299,3036
2364,305,3079
2365,305,3081
2366,305,3083
2367,305,1082
2368,320,3185
2369,320,3186
2370,323,3208
2371,323,3209
2372,323,3213
2373,324,3221
2374,325,3221
2375,326,711
2376,329,3238
2377,329,3239
2378,329,3240
2379,329,3241
2380,329,3242
2381,329,3243
2382,329,3244
2383,329,2961
2384,329,3245
2385,329,3246
2386,330,3238
2387,331,3238
2388,331,3248
2389,331,3239
2390,331,3249
2391,331,3242
2392,331,3243
2393,331,3250
2394,331,1359
2395,331,3245
2396,331,250
2397,331,1501
2398,331,251
2399,333,3238
2400,336,3319
2401,336,3331
2402,337,3319
2403,337,3348
2404,337,3331
2405,337,1849
2406,337,1850
2407,354,1743
2408,363,3577
2409,363,1306
2410,363,1308
2411,363,1309
2412,380,3665
2413,381,3665
2414,396,2447
2415,398,2987
2416,406,3414
2417,406,3415
2418,406,3416
2419,406,3417
2420,406,3418
2421,406,3419
2422,406,3420
2423,406,3421
2424,406,3422
2425,406,3423
2426,406,3424
2427,409,1744
2428,409,1747
2429,411,3885
2430,411,3887
2431,411,3888
2432,411,3890
2433,411,3891
2434,411,3892
2435,411,3894
2436,414,3905
2437,415,3905
2438,415,3911
2439,415,3912
2440,415,3915
2441,415,3916
2442,415,3926
2443,426,3928
2444,426,3931
2445,426,3933
2446,426,3934
2447,430,3001
2448,432,717
2449,433,3001
2450,435,4050
2451,435,4051
2452,436,4050
2453,436,3221
2454,436,4052
2455,436,4053
2456,436,4051
2457,436,4054
2458,436,4055
2459,437,4050
2460,437,4051
2461,439,4050
2462,439,4065
2463,439,4066
2464,439,3221
2465,439,4052
2466,439,4053
2467,439,4067
2468,439,4068
2469,439,4054
2470,439,4069
2471,439,4058
2472,439,4070
2473,439,4055
2474,439,4061
2475,439,4071
2476,439,4072
2477,439,4073
2478,439,4064
2479,439,4074
2480,439,4075
2481,439,4076
2482,441,4050
2483,441,4051
2484,441,4054
2485,441,4069
2486,441,4060
2487,450,4159
2488,452,79
2489,465,3026
2490,466,597
2491,469,594
2492,2,22
2493,2,23
2494,2,28
2495,2,29
2496,2,35
2497,2,36
2498,2,40
2499,2,42
2500,2,47
2501,2,49
2502,2,50
2503,2,51
2504,2,52
2505,2,54
2506,2,55
2507,2,56
2508,2,57
2509,2,58
2510,2,59
2511,2,60
2512,2,61
2513,2,62
2514,2,63
2515,2,66
2516,2,67
2517,2,68
2518,2,69
2519,2,70
2520,2,71
2521,2,72
2522,2,73
2523,2,75
2524,2,76
2525,3,23
2526,3,77
2527,5,22
2528,5,29
2529,5,95
2530,5,96
2531,5,40
2532,5,97
2533,9,135
2534,9,136
2535,9,137
2536,9,138
2537,9,139
2538,9,141
2539,9,142
2540,9,143
2541,9,144
2542,9,145
2543,9,146
2544,9,147
2545,9,148
2546,9,149
2547,9,150
2548,9,151
2549,9,152
2550,9,153
2551,9,154
2552,9,155
2553,9,156
2554,9,157
2555,9,158
2556,9,159
2557,9,160
2558,9,161
2559,9,162
2560,9,163
2561,9,164
2562,9,165
2563,9,166
2564,9,167
2565,9,169
2566,9,170
2567,9,171
2568,10,135
2569,10,136
2570,10,138
2571,10,139
2572,10,142
2573,10,143
2574,10,146
2575,10,149
2576,10,152
2577,10,153
2578,10,155
2579,10,172
2580,10,173
2581,10,174
2582,10,175
2583,10,176
2584,11,135
2585,11,136
2586,11,139
2587,11,177
2588,11,179
2589,11,180
2590,11,181
2591,11,182
2592,11,183
2593,11,184
2594,11,185
2595,11,186
2596,11,187
2597,11,188
2598,11,189
2599,11,191
2600,11,192
2601,11,193
2602,11,194
2603,11,195
2604,11,196
2605,11,197
2606,11,198
2607,11,199
2608,11,200
2609,11,201
2610,11,202
2611,11,203
2612,11,204
2613,11,205
2614,11,206
2615,11,207
2616,11,208
2617,11,209
2618,11,210
2619,11,211
2620,11,212
2621,14,229
2622,14,234
2623,14,235
2624,14,236
2625,14,237
2626,14,238
2627,16,229
2628,16,239
2629,16,240
2630,16,242
2631,16,243
2632,16,244
2633,16,245
2634,16,246
2635,16,247
2636,16,248
2637,16,252
2638,16,254
2639,16,255
2640,16,256
2641,16,257
2642,16,258
2643,16,259
2644,16,260
2645,16,261
2646,16,263
2647,16,264
2648,16,265
2649,16,266
2650,16,267
2651,17,269
2652,17,270
2653,23,332
2654,23,333
2655,23,334
2656,23,335
2657,23,336
2658,23,337
2659,23,338
2660,23,339
2661,23,340
2662,23,341
2663,23,342
2664,23,343
2665,23,344
2666,23,345
2667,23,346
2668,23,347
2669,23,348
2670,23,349
2671,23,350
2672,23,352
2673,25,356
2674,25,357
2675,25,358
2676,25,359
2677,25,360
2678,25,361
2679,25,363
2680,25,364
2681,25,365
2682,25,366
2683,25,367
2684,35,531
2685,35,532
2686,35,533
2687,35,534
2688,35,535
2689,35,536
2690,35,537
2691,35,538
2692,36,539
2693,36,540
2694,36,541
2695,36,542
2696,36,543
2697,36,544
2698,36,545
2699,36,546
2700,36,547
2701,36,548
2702,37,549
2703,37,550
2704,37,551
2705,37,531
2706,37,543
2707,37,552
2708,37,533
2709,37,553
2710,37,554
2711,37,555
2712,37,556
2713,37,557
2714,37,558
2715,37,559
2716,37,560
2717,37,561
2718,37,562
2719,41,628
2720,41,630
2721,41,631
2722,41,632
2723,41,633
2724,41,634
2725,41,635
2726,41,637
2727,41,638
2728,41,639
2729,41,640
2730,41,641
2731,41,642
2732,41,643
2733,41,644
2734,41,646
2735,41,647
2736,41,648
2737,41,649
2738,41,650
2739,41,651
2740,41,652
2741,41,653
2742,41,654
2743,46,731
2744,46,732
2745,49,740
2746,49,741
2747,49,742
2748,49,743
2749,49,744
2750,49,745
2751,55,880
2752,55,897
2753,55,898
2754,55,899
2755,55,901
2756,55,902
2757,55,903
2758,76,1020
2759,76,1051
2760,76,1021
2761,76,1052
2762,76,1053
2763,76,1054
2764,76,1055
2765,76,1056
2766,76,1058
2767,76,1061
2768,76,1062
2769,76,1064
2770,76,1065
2771,76,1066
2772,76,1027
2773,76,1069
2774,76,1074
2775,76,1075
2776,76,1076
2777,76,1077
2778,76,1080
2779,76,1084
2780,79,1020
2781,79,1022
2782,79,1087
2783,79,1056
2784,79,1058
2785,79,1062
2786,79,1085
2787,79,1088
2788,79,1076
2789,79,1077
2790,79,1086
2791,79,1084
2792,106,1247
2793,106,1249
2794,114,1302
2795,114,1303
2796,120,1348
2797,120,1349
2798,120,1350
2799,120,1351
2800,120,1352
2801,121,1353
2802,121,1354
2803,121,1355
2804,121,1356
2805,121,1357
2806,121,1358
2807,121,1360
2808,121,1361
2809,121,1362
2810,121,1363
2811,121,1364
2812,121,1365
2813,121,1366
2814,121,985
2815,121,986
2816,122,1353
2817,122,1354
2818,122,1367
2819,122,1368
2820,122,1369
2821,122,1370
2822,122,1356
2823,122,1357
2824,122,1371
2825,122,1372
2826,122,1373
2827,122,1374
2828,122,1375
2829,122,245
2830,122,1360
2831,122,1376
2832,122,1361
2833,122,1362
2834,122,1377
2835,122,1364
2836,122,1378
2837,122,1379
2838,122,1380
2839,122,1381
2840,122,1382
2841,122,1383
2842,122,1384
2843,122,1385
2844,122,1386
2845,122,1387
2846,122,1388
2847,122,1389
2848,122,1390
2849,122,1391
2850,125,1394
2851,125,1397
2852,125,1399
2853,125,1402
2854,125,1403
2855,125,1405
2856,125,1409
2857,125,1410
2858,125,1411
2859,125,1413
2860,125,1416
2861,125,1418
2862,125,1419
2863,125,1421
2864,125,1422
2865,129,1474
2866,129,1476
2867,129,1477
2868,129,1478
2869,129,1479
2870,129,1480
2871,129,1481
2872,129,1482
2873,129,1483
2874,129,264
2875,129,265
2876,129,1484
2877,129,1485
2878,130,1486
2879,130,1487
2880,130,1488
2881,130,1489
2882,130,1369
2883,130,1490
2884,130,1491
2885,130,1492
2886,130,1493
2887,130,1494
2888,130,1495
2889,130,1496
2890,130,1373
2891,130,1497
2892,130,1498
2893,130,1374
2894,130,1499
2895,130,1375
2896,130,1376
2897,130,1500
2898,130,1502
2899,130,1503
2900,130,1505
2901,130,1506
2902,130,1508
2903,130,1509
2904,130,1511
2905,130,1512
2906,130,1513
2907,130,1514
2908,130,1515
2909,130,1516
2910,130,1517
2911,130,1518
2912,130,1419
2913,131,1486
2914,131,1519
2915,131,1487
2916,131,1490
2917,131,1520
2918,131,1493
2919,131,1494
2920,131,1495
2921,131,1524
2922,131,1525
2923,131,1526
2924,131,1527
2925,131,1498
2926,131,1528
2927,131,1529
2928,131,1530
2929,131,1531
2930,131,1532
2931,131,1533
2932,131,1534
2933,131,1535
2934,131,1536
2935,131,1537
2936,131,1538
2937,131,1539
2938,131,1540
2939,131,1541
2940,131,1542
2941,131,1543
2942,131,1544
2943,131,1545
2944,131,1546
2945,131,1547
2946,131,1549
2947,131,1550
2948,131,1551
2949,131,1552
2950,131,1553
2951,131,1554
2952,131,1555
2953,131,1556
2954,131,1557
2955,131,1558
2956,132,1486
2957,132,1559
2958,132,1490
2959,132,1493
2960,132,1494
2961,132,1373
2962,132,1560
2963,132,1561
2964,132,1563
2965,132,1564
2966,132,1565
2967,132,154
2968,132,1327
2969,132,1567
2970,132,1568
2971,132,1569
2972,132,1570
2973,132,1571
2974,132,1572
2975,132,1573
2976,132,160
2977,132,1574
2978,132,1575
2979,132,161
2980,132,1576
2981,132,1577
2982,132,1578
2983,132,1579
2984,132,1580
2985,132,171
2986,132,1581
2987,133,1582
2988,133,1583
2989,133,1584
2990,133,1585
2991,133,1586
2992,133,1587
2993,133,1588
2994,133,1590
2995,133,1591
2996,135,1582
2997,135,1598
2998,135,1583
2999,135,1584
3000,135,1599
3001,135,1585
3002,135,1600
3003,135,1601
3004,135,1602
3005,135,1603
3006,135,1604
3007,135,1210
3008,137,539
3009,137,1605
3010,137,1606
3011,137,1607
3012,137,1608
3013,137,1609
3014,137,1610
3015,137,544
3016,137,1611
3017,137,1612
3018,137,1613
3019,137,1614
3020,137,1615
3021,137,1616
3022,137,1617
3023,137,1618
3024,137,1619
3025,137,545
3026,137,1620
3027,137,1621
3028,137,546
3029,137,1622
3030,137,1623
3031,137,1624
3032,137,1625
3033,137,1626
3034,137,1627
3035,137,1628
3036,142,1651
3037,142,1652
3038,142,1653
3039,148,1697
3040,148,1700
3041,148,1701
3042,148,1702
3043,148,1703
3044,148,1704
3045,148,1705
3046,148,1698
3047,148,1706
3048,148,1707
3049,148,1708
3050,148,1709
3051,148,1710
3052,151,1752
3053,151,1755
3054,151,1756
3055,151,1757
3056,151,1758
3057,151,1759
3058,151,1760
3059,151,1761
3060,151,1762
3061,151,1763
3062,151,1764
3063,151,1765
3064,151,1766
3065,152,1755
3066,152,1756
3067,152,1757
3068,155,1838
3069,155,1839
3070,155,1840
3071,155,1841
3072,155,1842
3073,155,1843
3074,155,1844
3075,155,1845
3076,155,1846
3077,155,1847
3078,155,1848
3079,155,1049
3080,155,1050
3081,162,1868
3082,162,1605
3083,162,1879
3084,162,1880
3085,162,1881
3086,162,1882
3087,162,1883
3088,162,1884
3089,162,1872
3090,162,1885
3091,162,1886
3092,162,1887
3093,162,1889
3094,162,1890
3095,162,1891
3096,162,1892
3097,162,1893
3098,162,1894
3099,162,1895
3100,162,1896
3101,162,1897
3102,162,1898
3103,162,1899
3104,162,1900
3105,162,1901
3106,162,1902
3107,162,1903
3108,162,1904
3109,162,1905
3110,163,1906
3111,163,1907
3112,163,1908
3113,163,1910
3114,163,1911
3115,163,1912
3116,163,1913
3117,163,1914
3118,163,1915
3119,163,1916
3120,163,1917
3121,163,1918
3122,163,1919
3123,163,1920
3124,163,1921
3125,163,1922
3126,163,1923
3127,163,1924
3128,166,1906
3129,166,1940
3130,166,1941
3131,166,1942
3132,166,1943
3133,166,1944
3134,166,1945
3135,166,1946
3136,166,1947
3137,178,2011
3138,178,1914
3139,178,1931
3140,178,1932
3141,178,2012
3142,178,1934
3143,178,1935
3144,178,2013
3145,178,2014
3146,178,2015
3147,178,2016
3148,178,2017
3149,178,2018
3150,178,1936
3151,178,2019
3152,181,2031
3153,181,2032
3154,181,2033
3155,181,2034
3156,181,2035
3157,181,2036
3158,181,2037
3159,181,2038
3160,181,2039
3161,181,2040
3162,181,2041
3163,181,2042
3164,181,1241
3165,181,2043
3166,181,640
3167,181,2044
3168,181,1243
3169,181,1276
3170,181,2045
3171,181,2046
3172,181,2047
3173,181,2048
3174,181,2049
3175,181,2050
3176,181,2051
3177,181,1236
3178,181,2052
3179,181,2053
3180,181,2054
3181,181,2055
3182,182,2056
3183,182,2057
3184,182,2059
3185,182,2060
3186,182,2061
3187,182,2062
3188,182,2063
3189,182,2064
3190,182,2065
3191,182,2066
3192,182,2067
3193,182,2068
3194,182,2069
3195,182,2070
3196,182,2071
3197,218,2362
3198,219,2372
3199,219,1950
3200,219,2377
3201,219,1955
3202,219,2378
3203,219,2379
3204,219,2380
3205,219,1960
3206,220,2384
3207,220,2385
3208,220,2386
3209,222,2415
3210,222,2384
3211,222,2385
3212,222,2416
3213,222,2417
3214,222,2418
3215,222,2419
3216,222,2420
3217,230,2491
3218,230,2492
3219,230,2493
3220,230,2494
3221,230,2495
3222,230,2496
3223,230,2497
3224,230,2498
3225,230,2499
3226,234,2056
3227,234,2057
3228,234,2510
3229,234,2059
3230,234,2060
3231,234,2064
3232,234,2511
3233,234,2069
3234,234,2070
3235,238,2534
3236,238,2535
3237,238,2424
3238,238,2541
3239,239,2534
3240,239,2535
3241,239,2542
3242,239,2424
3243,239,2543
3244,239,2544
3245,239,2545
3246,239,2546
3247,239,2547
3248,239,2548
3249,239,2549
3250,239,2550
3251,239,2551
3252,239,2552
3253,239,2553
3254,239,2554
3255,239,2555
3256,239,2556
3257,239,2557
3258,239,2541
3259,239,2558
3260,239,2559
3261,239,2560
3262,239,2561
3263,239,2562
3264,240,2563
3265,240,2564
3266,240,2565
3267,240,2566
3268,240,2567
3269,240,2568
3270,240,2569
3271,240,2570
3272,240,2571
3273,240,2572
3274,240,2573
3275,240,2574
3276,240,2575
3277,240,2576
3278,240,2577
3279,240,2578
3280,240,2579
3281,240,2580
3282,240,2581
3283,240,2582
3284,240,2583
3285,240,2584
3286,240,2585
3287,240,2586
3288,240,2587
3289,240,2588
3290,240,2589
3291,240,1416
3292,240,2590
3293,240,2591
3294,240,2592
3295,240,2593
3296,240,2594
3297,240,2595
3298,240,2596
3299,240,2597
3300,240,2598
3301,240,2599
3302,240,1237
3303,240,2600
3304,243,2601
3305,243,2606
3306,243,2607
3307,243,2608
3308,243,2609
3309,243,2610
3310,243,2611
3311,243,2612
3312,243,2613
3313,243,2614
3314,243,2615
3315,243,2616
3316,243,2617
3317,243,2618
3318,243,2619
3319,243,2620
3320,244,2621
3321,244,2622
3322,244,2623
3323,244,2624
3324,244,2625
3325,244,2626
3326,244,2627
3327,244,2628
3328,244,2629
3329,244,2630
3330,244,2178
3331,244,2631
3332,250,2632
3333,250,2638
3334,250,2639
3335,250,2640
3336,250,2641
3337,250,2635
3338,250,2642
3339,250,2643
3340,250,2644
3341,250,2645
3342,250,2646
3343,250,2647
3344,250,2637
3345,250,2650
3346,250,2651
3347,250,2652
3348,250,2653
3349,265,2764
3350,265,2765
3351,265,2766
3352,265,260
3353,265,2767
3354,265,2768
3355,266,2764
3356,266,242
3357,266,2769
3358,266,2765
3359,266,1479
3360,266,2770
3361,266,2771
3362,266,2772
3363,266,2773
3364,266,2766
3365,266,2774
3366,266,2775
3367,266,2776
3368,266,2777
3369,266,1382
3370,266,1383
3371,266,260
3372,266,2778
3373,266,1389
3374,266,2779
3375,266,2780
3376,269,2789
3377,269,2793
3378,269,2794
3379,272,2801
3380,272,2802
3381,277,2840
3382,278,2840
3383,278,2842
3384,281,2874
3385,281,2875
3386,281,2876
3387,281,2877
3388,281,2878
3389,281,2879
3390,281,2880
3391,281,2881
3392,281,2882
3393,281,2883
3394,281,2885
3395,281,2886
3396,281,352
3397,283,2874
3398,283,2875
3399,283,2891
3400,283,2892
3401,283,2893
3402,283,2894
3403,283,2895
3404,283,2896
3405,283,2897
3406,283,2898
3407,283,2899
3408,283,2900
3409,283,2901
3410,283,2902
3411,283,2903
3412,283,2904
3413,283,2905
3414,283,2879
3415,283,2906
3416,283,2881
3417,283,346
3418,283,2907
3419,283,2908
3420,283,2909
3421,283,2910
3422,283,2911
3423,283,2912
3424,283,2886
3425,283,350
3426,283,352
3427,292,2937
3428,292,2938
3429,292,1612
3430,292,2939
3431,292,2940
3432,292,2945
3433,292,2946
3434,292,2947
3435,292,2948
3436,292,2949
3437,292,2950
3438,292,2941
3439,292,2951
3440,292,2952
3441,292,2953
3442,292,2954
3443,292,1626
3444,292,2955
3445,292,2956
3446,292,2957
3447,293,2937
3448,293,2958
3449,293,2938
3450,293,2959
3451,293,2960
3452,293,2940
3453,293,2948
3454,293,2962
3455,293,2949
3456,293,2963
3457,293,2950
3458,293,2964
3459,293,2965
3460,293,2966
3461,293,2967
3462,293,2968
3463,293,2969
3464,293,2951
3465,293,2955
3466,294,2972
3467,294,2974
3468,294,2975
3469,294,2976
3470,294,2977
3471,294,2978
3472,294,2979
3473,294,2981
3474,294,2982
3475,294,2983
3476,294,2985
3477,294,2986
3478,297,3005
3479,297,1286
3480,297,1291
3481,297,3006
3482,297,3007
3483,297,1287
3484,297,3008
3485,297,3009
3486,297,2093
3487,297,3010
3488,297,3011
3489,297,3012
3490,297,1569
3491,297,3013
3492,297,3014
3493,297,3015
3494,297,160
3495,297,3016
3496,297,3017
3497,297,3018
3498,297,3019
3499,297,3020
3500,297,1578
3501,297,1579
3502,297,3021
3503,297,3022
3504,297,1580
3505,297,3023
3506,297,3024
3507,299,3034
3508,305,3076
3509,305,3077
3510,305,3078
3511,305,3080
3512,305,2766
3513,305,2774
3514,305,3082
3515,305,3084
3516,305,3085
3517,305,3086
3518,305,3087
3519,305,3088
3520,320,3187
3521,320,3188
3522,320,914
3523,320,3189
3524,320,3190
3525,320,3191
3526,320,3192
3527,320,3193
3528,320,3194
3529,320,3195
3530,323,3215
3531,323,3216
3532,323,3217
3533,323,3218
3534,323,3219
3535,324,3220
3536,324,3222
3537,324,3223
3538,324,3224
3539,324,3225
3540,324,3226
3541,324,3218
3542,324,3227
3543,325,3220
3544,325,3224
3545,325,3226
3546,325,3227
3547,326,3228
3548,326,2581
3549,326,2947
3550,326,3229
3551,326,3230
3552,326,3231
3553,326,3232
3554,326,3233
3555,326,3234
3556,326,2590
3557,326,2882
3558,326,3235
3559,326,3236
3560,326,3237
3561,326,2763
3562,330,3247
3563,331,244
3564,331,245
3565,331,3251
3566,331,256
3567,331,3252
3568,331,3253
3569,331,3254
3570,331,3255
3571,331,3256
3572,331,3257
3573,331,3258
3574,333,3287
3575,333,3247
3576,333,3288
3577,333,3289
3578,333,3290
3579,333,3291
3580,333,3292
3581,333,3293
3582,333,3294
3583,333,3295
3584,333,3296
3585,333,3297
3586,333,3298
3587,333,3299
3588,333,3300
3589,333,3301
3590,336,3317
3591,336,3318
3592,336,3320
3593,336,3321
3594,336,3322
3595,336,3323
3596,336,3324
3597,336,3325
3598,336,3326
3599,336,3327
3600,336,3328
3601,336,3329
3602,336,3330
3603,336,3332
3604,336,3333
3605,336,3334
3606,336,3335
3607,336,3336
3608,336,3337
3609,336,3338
3610,336,3339
3611,336,3340
3612,336,3341
3613,336,3342
3614,336,3343
3615,336,3344
3616,336,3345
3617,336,3346
3618,336,3347
3619,337,3317
3620,337,3318
3621,337,3349
3622,337,3350
3623,337,3351
3624,354,3504
3625,354,3505
3626,354,3506
3627,354,3507
3628,354,3508
3629,354,3509
3630,354,3510
3631,354,3192
3632,354,3511
3633,354,3512
3634,354,3513
3635,354,3514
3636,354,3515
3637,380,3669
3638,380,3670
3639,380,3671
3640,380,3672
3641,380,3673
3642,380,3674
3643,380,3675
3644,380,3676
3645,380,3677
3646,380,3678
3647,380,3679
3648,380,3680
3649,380,3681
3650,380,3682
3651,380,3683
3652,380,3684
3653,396,3760
3654,396,3761
3655,396,3764
3656,396,3765
3657,396,3766
3658,396,3767
3659,396,3768
3660,396,3769
3661,396,3770
3662,396,3771
3663,396,3772
3664,396,3773
3665,396,3762
3666,396,3774
3667,396,3775
3668,396,3776
3669,396,162
3670,396,3777
3671,396,3778
3672,396,3779
3673,396,3780
3674,396,3781
3675,396,3782
3676,396,3783
3677,396,3784
3678,396,1484
3679,396,3785
3680,396,3786
3681,398,3812
3682,398,3813
3683,398,3814
3684,398,3815
3685,398,3816
3686,398,3817
3687,398,3818
3688,398,3819
3689,398,3820
3690,406,3853
3691,406,2622
3692,406,3854
3693,406,3858
3694,406,3859
3695,406,3855
3696,406,3860
3697,406,3861
3698,406,3862
3699,406,3863
3700,406,3864
3701,406,3865
3702,406,3866
3703,406,3867
3704,406,3868
3705,406,3869
3706,406,3870
3707,406,3871
3708,406,3872
3709,406,3873
3710,406,3874
3711,406,3875
3712,406,3876
3713,406,3877
3714,406,3878
3715,406,3879
3716,406,3880
3717,406,3881
3718,406,3882
3719,409,1752
3720,409,3883
3721,409,3884
3722,411,640
3723,411,652
3724,414,3906
3725,414,3907
3726,415,3908
3727,415,3909
3728,415,3910
3729,415,3913
3730,415,3914
3731,415,3917
3732,415,3918
3733,415,3919
3734,415,3920
3735,415,3921
3736,415,3922
3737,415,3923
3738,415,1464
3739,415,1466
3740,415,3924
3741,415,3925
3742,415,1470
3743,415,3927
3744,426,4004
3745,426,4005
3746,426,4006
3747,426,4007
3748,426,4008
3749,426,4009
3750,426,4010
3751,426,4011
3752,430,4018
3753,430,4019
3754,430,4020
3755,430,4021
3756,430,2093
3757,430,4022
3758,430,4023
3759,430,4024
3760,430,4025
3761,430,4026
3762,430,4027
3763,430,4028
3764,432,4018
3765,432,4019
3766,432,4020
3767,432,4042
3768,432,4021
3769,432,4043
3770,432,4044
3771,432,4045
3772,432,4046
3773,432,4047
3774,432,1708
3775,432,1709
3776,432,4048
3777,432,1710
3778,433,4018
3779,433,4019
3780,433,4020
3781,433,4049
3782,433,4021
3783,433,2093
3784,433,4022
3785,433,4023
3786,433,4024
3787,433,4027
3788,433,4028
3789,436,4056
3790,436,4057
3791,439,4056
3792,439,4057
3793,452,4173
3794,452,4174
3795,452,4175
3796,452,4176
3797,452,4177
3798,452,4178
3799,452,4179
3800,452,4180
3801,452,4181
3802,452,4182
3803,452,4183
3804,452,67
3805,465,4252
3806,465,4253
3807,465,4254
3808,465,4255
3809,465,4256
3810,465,4257
3811,465,4258
3812,465,4259
3813,466,1967
3814,466,4260
3815,466,3713
3816,466,4261
3817,466,3729
3818,469,4262
3819,469,4275
3820,469,4276
3821,469,4277
3822,469,4263
3823,469,2174
3824,469,4264
3825,469,4265
3826,469,4278
3827,469,4267
3828,469,4268
3829,469,4279
3830,469,4280
3831,469,4281
3832,469,4282
3833,469,4283
3834,469,4284
3835,469,4285
3836,469,4286
3837,469,4287
3838,469,4288
3839,469,4289
3840,469,4290
3841,469,4291
3842,469,4132
3843,469,4292
3844,469,4293
3845,469,4294
3846,469,4295
3847,469,4296
3848,469,4297
3849,13,229
3850,15,229
3851,24,332
3852,24,334
3853,24,337
3854,24,338
3855,26,356
3856,26,361
3857,26,363
3858,47,628
3859,54,880
3860,56,914
3861,67,985
3862,67,986
3863,71,633
3864,72,633
3865,73,1020
3866,73,1021
3867,73,1022
3868,73,1027
3869,74,1020
3870,74,1022
3871,74,1027
3872,75,1020
3873,75,1049
3874,75,1050
3875,77,1020
3876,77,1053
3877,77,1055
3878,77,1061
3879,77,1085
3880,77,1065
3881,77,1080
3882,77,1086
3883,78,1020
3884,80,549
3885,80,552
3886,80,557
3887,80,562
3888,81,549
3889,82,549
3890,82,552
3891,82,562
3892,99,1210
3893,101,897
3894,102,897
3895,104,1236
3896,104,1237
3897,105,1241
3898,105,1243
3899,107,1247
3900,107,1249
3901,110,1276
3902,111,1286
3903,111,1287
3904,113,1286
3905,113,1291
3906,113,1287
3907,118,1327
3908,123,1353
3909,123,1355
3910,123,1356
3911,123,1357
3912,123,1360
3913,124,239
3914,127,1464
3915,127,1466
3916,127,1470
3917,128,1474
3918,134,1582
3919,134,1591
3920,136,539
3921,136,541
3922,136,561
3923,145,234
3924,145,1555
3925,146,1555
3926,147,1697
3927,147,1698
3928,156,1838
3929,156,1839
3930,156,1602
3931,156,1603
3932,161,1868
3933,161,1605
3934,161,1607
3935,161,1608
3936,161,1872
3937,164,1906
3938,164,1931
3939,164,1932
3940,164,1934
3941,164,1935
3942,164,1936
3943,164,1924
3944,165,1906
3945,169,1950
3946,169,1955
3947,169,1578
3948,169,1960
3949,170,646
3950,171,1967
3951,179,1567
3952,179,1505
3953,179,1568
3954,179,1570
3955,179,1572
3956,179,1575
3957,179,161
3958,179,1576
3959,179,1578
3960,179,1579
3961,179,1580
3962,179,1581
3963,185,2093
3964,196,2174
3965,196,2178
3966,214,144
3967,215,137
3968,215,141
3969,215,146
3970,215,147
3971,215,150
3972,215,151
3973,215,156
3974,216,2362
3975,217,2362
3976,223,2424
3977,231,2491
3978,231,2492
3979,231,2493
3980,231,2495
3981,231,2496
3982,231,2497
3983,231,2498
3984,231,2499
3985,235,2056
3986,235,2061
3987,235,2064
3988,237,2534
3989,237,2535
3990,237,243
3991,237,248
3992,237,1362
3993,237,1364
3994,237,261
3995,241,2564
3996,242,2601
3997,245,2621
3998,246,2621
3999,247,2632
4000,247,2635
4001,247,2637
4002,248,2632
4003,249,2632
4004,249,2635
4005,249,2637
4006,264,2763
4007,267,2764
4008,267,242
4009,273,2771
4010,273,2773
4011,273,744
4012,291,2937
4013,291,2938
4014,291,2939
4015,291,2940
4016,291,2941
4017,303,1602
4018,303,1603
4019,306,3076
4020,306,3005
4021,306,3007
4022,306,3009
4023,306,3013
4024,306,3019
4025,327,3228
4026,327,3230
4027,328,3228
4028,328,3230
4029,328,3231
4030,335,1942
4031,335,1944
4032,335,1945
4033,335,1946
4034,335,1947
4035,338,3318
4036,339,2587
4037,346,2616
4038,350,548
4039,353,3504
4040,370,3513
4041,370,3514
4042,389,1967
4043,389,3713
4044,389,3729
4045,394,263
4046,395,3760
4047,395,3761
4048,395,3762
4049,397,3508
4050,397,3509
4051,397,3510
4052,397,3192
4053,397,3511
4054,399,3013
4055,404,630
4056,405,3853
4057,405,3854
4058,405,3855
4059,407,3853
4060,407,3854
4061,408,3853
4062,408,3854
4063,408,3855
4064,408,3863
4065,408,3865
4066,413,1907
4067,422,3906
4068,423,3906
4069,423,3907
4070,424,631
4071,424,634
4072,424,635
4073,424,638
4074,424,639
4075,424,640
4076,424,641
4077,424,643
4078,424,647
4079,424,649
4080,425,2566
4081,431,4018
4082,431,4019
4083,434,4018
4084,434,4019
4085,444,3923
4086,444,1464
4087,444,1466
4088,444,1470
4089,445,3883
4090,445,4132
4091,446,3883
4092,446,3884
4093,446,637
4094,453,4173
4095,453,4174
4096,453,4181
4097,453,4182
4098,453,4183
4099,454,4173
4100,454,4174
4101,455,4173
4102,455,4174
4103,455,4181
4104,456,3005
4105,456,3007
4106,456,3009
4107,456,3019
4108,462,1628
4109,463,2041
4110,463,3224
4111,464,4252
4112,467,1967
4113,468,4262
4114,468,4263
4115,468,4264
4116,468,4265
4117,468,4267
4118,468,4268
4119,13,230
4120,13,231
4121,13,232
4122,24,353
4123,24,354
4124,24,355
4125,26,368
4126,26,369
4127,26,370
4128,26,371
4129,26,372
4130,26,373
4131,26,374
4132,26,375
4133,26,376
4134,54,881
4135,54,882
4136,54,883
4137,54,884
4138,54,885
4139,54,886
4140,54,887
4141,54,888
4142,54,889
4143,54,890
4144,54,891
4145,54,892
4146,54,893
4147,54,894
4148,54,895
4149,54,896
4150,56,904
4151,56,905
4152,56,906
4153,56,907
4154,56,908
4155,56,909
4156,56,910
4157,56,911
4158,56,912
4159,56,913
4160,56,915
4161,56,916
4162,56,917
4163,56,918
4164,56,919
4165,56,920
4166,56,921
4167,56,922
4168,56,923
4169,56,924
4170,67,965
4171,67,977
4172,67,966
4173,67,978
4174,67,979
4175,67,980
4176,67,981
4177,67,982
4178,67,983
4179,67,984
4180,67,976
4181,67,987
4182,67,988
4183,67,974
4184,67,975
4185,71,1004
4186,71,1005
4187,71,1006
4188,72,1004
4189,72,1007
4190,72,1008
4191,72,1009
4192,72,1010
4193,72,1011
4194,72,1005
4195,72,1012
4196,72,1013
4197,72,1014
4198,72,1015
4199,72,1016
4200,72,1017
4201,72,1018
4202,72,1019
4203,73,1023
4204,73,1024
4205,73,1025
4206,73,1026
4207,73,1028
4208,73,1029
4209,73,1030
4210,73,1031
4211,73,1032
4212,74,1023
4213,74,1024
4214,74,1025
4215,74,1028
4216,75,1033
4217,75,1034
4218,75,1035
4219,75,1036
4220,75,1037
4221,75,1038
4222,75,1039
4223,75,1040
4224,75,1041
4225,75,1042
4226,75,1043
4227,75,1044
4228,75,1045
4229,75,1046
4230,75,1047
4231,75,1048
4232,80,1089
4233,80,1090
4234,81,1091
4235,81,1092
4236,81,1093
4237,81,1094
4238,82,1090
4239,99,1181
4240,99,1190
4241,99,1191
4242,99,1192
4243,99,1193
4244,99,1194
4245,99,1195
4246,99,1196
4247,99,1197
4248,99,1198
4249,99,1199
4250,99,1200
4251,99,1201
4252,99,1202
4253,99,1203
4254,99,1204
4255,99,1205
4256,99,1206
4257,99,1207
4258,99,1208
4259,99,1209
4260,101,1211
4261,101,1212
4262,101,1213
4263,101,1214
4264,101,1215
4265,102,1211
4266,102,1216
4267,102,882
4268,102,1217
4269,102,1218
4270,102,1219
4271,102,1220
4272,104,1221
4273,104,1223
4274,104,1224
4275,104,1225
4276,104,1226
4277,104,1227
4278,104,1228
4279,104,1229
4280,104,1230
4281,104,1231
4282,104,1232
4283,104,1233
4284,104,1234
4285,104,1235
4286,105,1221
4287,105,1223
4288,105,1238
4289,105,1239
4290,105,1240
4291,105,1227
4292,105,1242
4293,105,1244
4294,105,1245
4295,105,1246
4296,107,1251
4297,107,1252
4298,110,1267
4299,110,1268
4300,110,1269
4301,110,1270
4302,110,1274
4303,110,1275
4304,110,1277
4305,110,1278
4306,110,1279
4307,110,1280
4308,110,1281
4309,110,1282
4310,110,1283
4311,111,1284
4312,111,1285
4313,111,1288
4314,111,1289
4315,113,1284
4316,113,1290
4317,113,1292
4318,113,1293
4319,113,1294
4320,113,1295
4321,113,1296
4322,113,1297
4323,113,1298
4324,113,1299
4325,113,1300
4326,118,1321
4327,118,1326
4328,118,1322
4329,118,1328
4330,124,1100
4331,124,1392
4332,127,1440
4333,127,1441
4334,127,1442
4335,127,1443
4336,127,1444
4337,127,1445
4338,127,1446
4339,127,1447
4340,127,1448
4341,127,1449
4342,127,1450
4343,127,1451
4344,127,1452
4345,127,1453
4346,127,1454
4347,127,1455
4348,127,1456
4349,127,1457
4350,127,1458
4351,127,1459
4352,127,1460
4353,127,1461
4354,127,1462
4355,127,1463
4356,127,1465
4357,127,1467
4358,127,1468
4359,127,1469
4360,127,1471
4361,127,1472
4362,127,1473
4363,128,1475
4364,134,1592
4365,134,1593
4366,134,1594
4367,134,1595
4368,134,1596
4369,134,1597
4370,145,1688
4371,145,1689
4372,145,1690
4373,145,1691
4374,145,1692
4375,146,1688
4376,146,1689
4377,146,1693
4378,146,1694
4379,146,1695
4380,146,1696
4381,147,1699
4382,156,1851
4383,156,1852
4384,156,1853
4385,156,1854
4386,156,1855
4387,156,1856
4388,156,1857
4389,156,1858
4390,156,1859
4391,156,1860
4392,161,1869
4393,161,1870
4394,161,1871
4395,161,1873
4396,161,1874
4397,161,1875
4398,161,1876
4399,161,1877
4400,164,1925
4401,164,1926
4402,164,1927
4403,164,1928
4404,164,1929
4405,164,1930
4406,164,1933
4407,164,1937
4408,165,1938
4409,165,1939
4410,169,1948
4411,169,1949
4412,169,1951
4413,169,1952
4414,169,1953
4415,169,1954
4416,169,1956
4417,169,1957
4418,169,1958
4419,169,1959
4420,169,1961
4421,169,1962
4422,170,1963
4423,170,1964
4424,170,1965
4425,170,1966
4426,171,1963
4427,171,1968
4428,171,1969
4429,171,1970
4430,179,2020
4431,179,2021
4432,179,2022
4433,179,2023
4434,179,2024
4435,179,2025
4436,185,2083
4437,185,1949
4438,185,2089
4439,185,2090
4440,185,2091
4441,185,2092
4442,185,2094
4443,185,2095
4444,185,2096
4445,185,2097
4446,185,2098
4447,185,2099
4448,185,2100
4449,185,2101
4450,196,2165
4451,196,2170
4452,196,2171
4453,196,2172
4454,196,2173
4455,196,2175
4456,196,2176
4457,196,2177
4458,214,2345
4459,214,2346
4460,214,2347
4461,214,2348
4462,214,2349
4463,214,2350
4464,215,2345
4465,215,2346
4466,215,2351
4467,215,2352
4468,215,2353
4469,215,2354
4470,215,2355
4471,215,2356
4472,215,2357
4473,215,2358
4474,215,2359
4475,215,2360
4476,215,2361
4477,216,2363
4478,216,2364
4479,216,2365
4480,216,2366
4481,216,2367
4482,216,2368
4483,216,2369
4484,217,2370
4485,223,2421
4486,223,2422
4487,223,2423
4488,223,2425
4489,223,2426
4490,223,2427
4491,223,2428
4492,223,2429
4493,223,2430
4494,231,2500
4495,231,2501
4496,231,2502
4497,235,2513
4498,235,2514
4499,235,2515
4500,235,2516
4501,235,2517
4502,235,2518
4503,235,2519
4504,235,2520
4505,235,2521
4506,235,2522
4507,235,2523
4508,235,2524
4509,235,2525
4510,237,2536
4511,237,2537
4512,237,2538
4513,242,2602
4514,242,2603
4515,242,2604
4516,242,2605
4517,247,2633
4518,247,2634
4519,247,2636
4520,249,2633
4521,249,2634
4522,249,2636
4523,264,1116
4524,264,2756
4525,264,2757
4526,264,2758
4527,264,1117
4528,264,2759
4529,264,2760
4530,264,2761
4531,264,2762
4532,267,2781
4533,267,2782
4534,267,2783
4535,267,2784
4536,267,2785
4537,267,2786
4538,273,2803
4539,273,2804
4540,273,2805
4541,273,2806
4542,273,2807
4543,273,2808
4544,273,2809
4545,273,2810
4546,273,2811
4547,273,2812
4548,273,2287
4549,273,2813
4550,273,2280
4551,273,2281
4552,273,2814
4553,273,2815
4554,273,2816
4555,273,2817
4556,273,2818
4557,273,2819
4558,273,2820
4559,273,2821
4560,291,2942
4561,303,3047
4562,303,3050
4563,303,3051
4564,303,3066
4565,303,1858
4566,303,3067
4567,303,3068
4568,303,3063
4569,303,3069
4570,306,3089
4571,306,3090
4572,306,3091
4573,306,3092
4574,306,3093
4575,306,3094
4576,335,1033
4577,335,1456
4578,335,1044
4579,335,3312
4580,335,3313
4581,335,3314
4582,335,1048
4583,335,3315
4584,335,3316
4585,338,3352
4586,338,3353
4587,338,3354
4588,338,3355
4589,339,3356
4590,339,3357
4591,339,3358
4592,339,3359
4593,339,3360
4594,339,3361
4595,339,3362
4596,339,3363
4597,339,3364
4598,339,3365
4599,339,3366
4600,339,3367
4601,339,3368
4602,339,3369
4603,339,3370
4604,339,3371
4605,339,3372
4606,339,3373
4607,339,3374
4608,339,3375
4609,339,3376
4610,339,3377
4611,339,3378
4612,339,3379
4613,339,3380
4614,339,3381
4615,339,3382
4616,346,3431
4617,346,3432
4618,346,3433
4619,346,3434
4620,350,3449
4621,350,3466
4622,350,3467
4623,350,3468
4624,350,3452
4625,350,3453
4626,350,3469
4627,350,3470
4628,350,3471
4629,350,1100
4630,350,3472
4631,350,3473
4632,350,3455
4633,350,3456
4634,350,3474
4635,350,2085
4636,350,3475
4637,350,2096
4638,350,3476
4639,350,3477
4640,350,3478
4641,350,3479
4642,350,3459
4643,350,2098
4644,350,3460
4645,350,3480
4646,350,3481
4647,350,3482
4648,350,3483
4649,350,3484
4650,350,3485
4651,350,3486
4652,350,3462
4653,350,3487
4654,350,3488
4655,350,3489
4656,350,3464
4657,350,3490
4658,350,3491
4659,370,3625
4660,370,3629
4661,370,3631
4662,370,3639
4663,370,3640
4664,370,3641
4665,389,3699
4666,389,3700
4667,389,3701
4668,389,3702
4669,389,3704
4670,389,3705
4671,389,3706
4672,389,3707
4673,389,3708
4674,389,3709
4675,389,3703
4676,389,3710
4677,389,3711
4678,389,3712
4679,389,3714
4680,389,3715
4681,389,3716
4682,389,3717
4683,389,3718
4684,389,3719
4685,389,3720
4686,389,3721
4687,389,3722
4688,389,3723
4689,389,3724
4690,389,3725
4691,389,3726
4692,389,3727
4693,389,3728
4694,389,3730
4695,389,3731
4696,389,3732
4697,389,3733
4698,389,3734
4699,394,3388
4700,394,3389
4701,394,3749
4702,394,3750
4703,394,3751
4704,394,3752
4705,394,3753
4706,394,3754
4707,394,3396
4708,394,3755
4709,394,3756
4710,394,3757
4711,394,3401
4712,394,3406
4713,394,3758
4714,394,3407
4715,394,3759
4716,394,3409
4717,394,3410
4718,395,3763
4719,397,3787
4720,397,3788
4721,397,3789
4722,397,3790
4723,397,3791
4724,397,3792
4725,397,3793
4726,397,3794
4727,397,3795
4728,397,3796
4729,397,3797
4730,397,232
4731,397,3798
4732,397,3799
4733,397,3800
4734,397,3801
4735,397,3802
4736,397,3803
4737,397,3804
4738,397,3805
4739,397,3806
4740,397,3807
4741,397,3808
4742,397,3809
4743,397,3810
4744,397,3811
4745,399,3821
4746,399,3822
4747,399,3823
4748,399,3090
4749,399,3092
4750,399,3093
4751,399,3094
4752,399,3824
4753,405,3856
4754,405,3857
4755,413,3901
4756,413,3902
4757,413,3903
4758,413,3904
4759,422,3987
4760,422,3988
4761,422,3989
4762,422,3990
4763,422,3991
4764,422,3992
4765,422,3993
4766,422,3994
4767,424,3995
4768,424,3996
4769,424,3997
4770,424,3998
4771,424,3999
4772,424,4000
4773,424,4001
4774,424,4002
4775,424,4003
4776,431,4029
4777,431,4030
4778,431,4031
4779,431,4032
4780,431,4033
4781,431,4034
4782,431,4035
4783,431,4036
4784,431,4037
4785,431,4038
4786,431,4039
4787,431,4040
4788,431,4041
4789,444,4105
4790,444,4111
4791,444,4112
4792,444,4113
4793,444,4114
4794,444,4115
4795,444,4116
4796,444,4117
4797,444,4118
4798,444,4119
4799,444,4120
4800,444,4121
4801,444,1457
4802,444,4122
4803,444,4123
4804,444,4124
4805,444,4125
4806,444,4126
4807,444,4127
4808,444,4128
4809,444,4129
4810,444,4130
4811,445,4131
4812,445,4133
4813,446,4134
4814,446,4135
4815,446,4136
4816,446,4137
4817,446,4138
4818,446,4139
4819,446,4140
4820,446,4141
4821,446,4142
4822,446,3998
4823,446,3999
4824,446,4002
4825,446,4143
4826,446,4003
4827,453,4184
4828,453,2745
4829,454,4185
4830,454,4186
4831,455,4187
4832,455,4188
4833,455,4189
4834,455,4190
4835,455,4191
4836,455,4192
4837,455,4193
4838,455,4194
4839,455,4195
4840,462,4217
4841,462,4218
4842,462,4221
4843,462,4222
4844,462,4223
4845,462,4224
4846,462,4225
4847,462,4226
4848,462,4227
4849,462,4228
4850,462,4229
4851,462,4230
4852,462,4231
4853,462,4232
4854,462,4233
4855,462,4234
4856,462,4235
4857,462,4236
4858,462,3640
4859,462,3641
4860,462,4237
4861,462,4238
4862,462,4239
4863,462,4240
4864,462,4241
4865,463,4217
4866,463,4221
4867,463,4242
4868,463,4222
4869,463,1951
4870,463,4243
4871,463,4244
4872,463,4226
4873,463,4245
4874,463,4246
4875,463,4247
4876,463,4230
4877,463,4248
4878,463,4232
4879,463,2933
4880,463,4235
4881,463,4249
4882,463,2934
4883,463,4250
4884,463,4251
4885,463,4238
4886,468,4014
4887,468,4266
4888,468,4269
4889,468,4270
4890,468,4271
4891,468,4272
4892,468,4273
4893,468,4274
4894,60,965
4895,60,966
4896,61,965
4897,61,966
4898,62,965
4899,63,965
4900,63,966
4901,63,974
4902,63,975
4903,64,965
4904,65,965
4905,65,976
4906,66,965
4907,66,977
4908,84,1100
4909,90,1116
4910,90,1117
4911,98,1181
4912,100,1181
4913,103,1221
4914,109,1267
4915,109,1268
4916,109,1269
4917,109,1270
4918,112,1284
4919,116,1321
4920,116,1322
4921,117,1321
4922,117,1322
4923,160,369
4924,167,1948
4925,168,1948
4926,172,1963
4927,180,2020
4928,180,2021
4929,184,2083
4930,184,2085
4931,186,906
4932,187,906
4933,187,907
4934,187,909
4935,187,911
4936,187,915
4937,195,2165
4938,197,2165
4939,198,2170
4940,202,1251
4941,207,2280
4942,207,2281
4943,208,2287
4944,208,2280
4945,208,2281
4946,224,2421
4947,224,2422
4948,225,2421
4949,225,2422
4950,226,2421
4951,226,2422
4952,253,907
4953,254,907
4954,254,910
4955,254,915
4956,255,907
4957,255,910
4958,255,915
4959,256,907
4960,257,907
4961,258,907
4962,259,907
4963,263,2745
4964,274,2803
4965,280,908
4966,280,910
4967,288,2933
4968,288,2934
4969,301,3047
4970,301,3050
4971,301,3051
4972,302,3047
4973,302,3050
4974,302,3063
4975,304,3047
4976,304,3050
4977,304,3051
4978,304,3063
4979,312,1288
4980,313,1288
4981,314,1294
4982,334,1033
4983,340,3356
4984,340,3366
4985,340,3373
4986,343,3388
4987,343,3389
4988,343,3396
4989,343,3401
4990,343,3406
4991,343,3407
4992,343,3409
4993,343,3410
4994,347,3431
4995,349,3449
4996,349,3452
4997,349,3453
4998,349,3455
4999,349,3456
5000,349,3459
5001,349,3460
5002,349,3462
5003,349,3464
5004,351,3449
5005,351,3452
5006,351,3453
5007,351,3455
5008,351,3456
5009,351,3459
5010,351,3460
5011,351,3462
5012,351,3489
5013,351,3464
5014,352,3388
5015,352,3407
5016,369,3625
5017,369,3629
5018,369,3631
5019,371,3625
5020,371,3629
5021,376,1228
5022,376,1229
5023,376,1231
5024,376,1245
5025,376,1246
5026,382,1456
5027,382,1461
5028,382,1465
5029,382,1473
5030,388,3699
5031,388,3700
5032,388,3701
5033,388,3702
5034,388,3703
5035,390,3699
5036,392,3710
5037,392,3731
5038,400,3821
5039,400,3823
5040,420,1594
5041,420,1596
5042,420,1597
5043,427,1034
5044,428,4014
5045,443,4105
5046,458,1328
5047,461,4217
5048,461,4218
5049,61,967
5050,61,968
5051,61,969
5052,61,970
5053,61,971
5054,61,972
5055,63,970
5056,63,973
5057,84,1095
5058,84,1096
5059,84,1097
5060,84,1098
5061,84,1099
5062,84,1101
5063,84,1102
5064,84,1103
5065,84,1104
5066,84,1105
5067,84,1106
5068,84,1107
5069,84,1108
5070,84,1109
5071,84,1110
5072,84,1111
5073,84,1112
5074,84,1113
5075,84,1114
5076,90,1115
5077,90,1118
5078,98,1182
5079,98,1183
5080,98,1184
5081,98,1185
5082,98,1186
5083,98,1187
5084,98,1188
5085,98,1189
5086,100,1182
5087,100,1183
5088,100,1184
5089,100,1189
5090,103,1222
5091,109,1271
5092,109,1272
5093,109,1273
5094,117,1323
5095,117,1324
5096,117,1325
5097,160,1861
5098,160,1864
5099,160,1865
5100,160,1866
5101,160,1862
5102,160,1867
5103,180,2026
5104,180,2027
5105,180,2028
5106,180,2029
5107,180,2030
5108,184,2084
5109,184,2086
5110,184,2087
5111,184,2088
5112,186,2102
5113,195,2166
5114,195,2167
5115,195,2168
5116,195,2169
5117,197,2168
5118,202,2183
5119,202,2185
5120,202,2186
5121,202,2187
5122,202,2188
5123,202,2189
5124,202,2190
5125,202,2191
5126,202,2192
5127,202,2193
5128,202,2194
5129,207,2278
5130,207,2282
5131,208,2278
5132,208,2283
5133,208,2279
5134,208,2284
5135,208,2285
5136,208,2286
5137,208,2288
5138,208,2289
5139,208,2290
5140,208,2291
5141,208,2292
5142,208,2293
5143,208,2294
5144,208,2295
5145,208,2296
5146,208,2282
5147,208,2297
5148,224,2431
5149,253,2654
5150,253,2660
5151,253,2661
5152,253,2662
5153,253,2663
5154,253,2664
5155,253,2665
5156,253,2666
5157,253,2667
5158,253,2668
5159,253,2669
5160,253,2670
5161,253,2671
5162,253,2672
5163,253,2673
5164,253,2674
5165,253,2675
5166,253,2676
5167,253,2677
5168,253,2678
5169,253,2679
5170,253,2680
5171,253,2681
5172,253,2682
5173,253,2683
5174,253,2684
5175,253,2685
5176,253,2686
5177,253,2687
5178,253,2688
5179,253,2689
5180,253,2690
5181,253,2691
5182,253,2692
5183,253,2693
5184,253,2694
5185,253,2695
5186,253,2696
5187,253,2697
5188,253,2698
5189,254,2699
5190,254,2700
5191,254,2701
5192,254,2702
5193,254,2703
5194,255,2704
5195,255,2699
5196,255,2700
5197,255,2705
5198,255,2706
5199,255,2701
5200,255,2707
5201,255,2703
5202,258,2704
5203,258,2700
5204,258,2708
5205,258,2701
5206,258,2707
5207,258,2702
5208,258,2703
5209,259,2704
5210,259,2700
5211,259,2709
5212,259,2708
5213,259,2701
5214,259,2707
5215,259,2702
5216,263,2736
5217,263,2743
5218,263,2744
5219,263,2737
5220,263,2746
5221,263,2747
5222,263,2748
5223,263,2749
5224,263,2738
5225,263,2739
5226,263,2750
5227,263,2751
5228,263,2752
5229,263,2740
5230,263,2753
5231,263,2754
5232,263,2755
5233,274,2822
5234,280,2869
5235,280,2870
5236,280,2871
5237,280,2872
5238,288,2928
5239,288,2929
5240,288,2930
5241,288,2931
5242,288,2932
5243,288,2935
5244,301,3048
5245,301,3049
5246,301,3052
5247,301,3053
5248,301,3054
5249,301,3055
5250,302,3056
5251,302,3057
5252,302,3058
5253,302,3059
5254,302,3060
5255,302,3061
5256,302,3062
5257,302,3064
5258,302,3065
5259,304,3056
5260,304,3049
5261,304,3070
5262,304,3052
5263,304,3057
5264,304,3071
5265,304,3072
5266,304,3073
5267,304,3074
5268,304,3075
5269,304,3061
5270,304,3062
5271,304,3065
5272,312,3141
5273,312,3142
5274,312,3143
5275,312,3144
5276,312,3145
5277,312,3146
5278,312,3147
5279,312,3148
5280,313,3141
5281,313,3142
5282,313,3143
5283,313,3149
5284,313,3150
5285,314,3141
5286,314,3151
5287,314,3152
5288,314,3153
5289,314,3154
5290,314,3155
5291,314,3156
5292,314,3157
5293,314,3158
5294,334,3302
5295,334,3303
5296,334,3304
5297,334,3305
5298,334,3306
5299,334,3307
5300,334,3308
5301,334,3309
5302,334,3310
5303,334,3311
5304,343,3383
5305,343,3387
5306,343,3390
5307,343,3384
5308,343,3391
5309,343,3392
5310,343,3385
5311,343,3386
5312,343,2529
5313,343,3393
5314,343,3394
5315,343,3395
5316,343,3397
5317,343,3398
5318,343,3399
5319,343,3400
5320,343,3402
5321,343,3403
5322,343,3404
5323,343,3405
5324,343,3408
5325,343,3411
5326,347,3435
5327,347,3436
5328,347,3437
5329,347,3438
5330,347,3439
5331,347,3440
5332,347,3441
5333,347,3442
5334,347,3443
5335,347,3444
5336,349,3450
5337,349,3451
5338,349,3454
5339,349,3457
5340,349,3458
5341,349,3461
5342,349,3463
5343,349,3465
5344,351,3451
5345,352,3387
5346,352,3492
5347,352,687
5348,352,3493
5349,352,3390
5350,352,3391
5351,352,3494
5352,352,3495
5353,352,3394
5354,352,3395
5355,352,3496
5356,352,3497
5357,352,3498
5358,352,3499
5359,352,3400
5360,352,3500
5361,352,693
5362,352,3404
5363,352,3501
5364,352,3502
5365,352,3503
5366,369,3626
5367,369,3627
5368,369,3628
5369,369,3630
5370,369,3632
5371,369,3633
5372,369,3634
5373,369,3635
5374,369,3636
5375,369,3637
5376,369,3638
5377,371,3626
5378,371,3627
5379,371,3628
5380,371,3636
5381,376,3642
5382,382,3685
5383,382,3686
5384,382,3687
5385,390,3735
5386,390,3736
5387,390,3737
5388,390,3738
5389,390,3739
5390,390,3740
5391,390,3741
5392,390,3742
5393,390,3743
5394,390,3744
5395,390,3745
5396,390,2332
5397,390,2333
5398,392,2304
5399,392,3747
5400,392,2334
5401,392,3748
5402,400,3825
5403,400,3826
5404,400,3827
5405,400,3828
5406,400,3829
5407,420,3982
5408,420,3983
5409,420,3984
5410,420,3985
5411,428,4012
5412,428,4013
5413,443,4106
5414,443,4107
5415,443,4108
5416,443,4109
5417,443,4110
5418,458,1323
5419,458,4211
5420,458,4212
5421,458,1324
5422,458,4213
5423,458,4214
5424,461,4219
5425,461,4220
5426,44,687
5427,44,693
5428,83,1095
5429,85,1115
5430,86,1115
5431,87,1115
5432,88,1115
5433,89,1115
5434,157,1861
5435,157,1862
5436,158,1861
5437,159,1861
5438,201,2183
5439,206,2278
5440,206,2279
5441,210,2304
5442,212,2332
5443,212,2333
5444,213,2334
5445,236,2529
5446,251,2654
5447,252,2654
5448,262,2736
5449,262,2737
5450,262,2738
5451,262,2739
5452,262,2740
5453,285,2869
5454,289,2928
5455,289,2930
5456,290,2928
5457,290,2930
5458,290,2931
5459,341,3383
5460,341,3384
5461,341,3385
5462,341,3386
5463,342,3383
5464,372,3642
5465,373,3642
5466,373,3636
5467,374,3642
5468,375,3642
5469,383,3685
5470,384,3685
5471,384,3303
5472,384,3306
5473,384,3308
5474,391,2304
5475,393,2304
5476,419,3982
5477,421,3982
5478,429,4012
5479,459,1323
5480,460,1323
5481,44,665
5482,44,666
5483,44,667
5484,44,686
5485,44,670
5486,44,673
5487,44,674
5488,44,676
5489,44,688
5490,44,689
5491,44,690
5492,44,691
5493,44,692
5494,44,694
5495,158,1863
5496,201,2184
5497,210,2298
5498,210,2305
5499,210,2306
5500,210,2307
5501,210,2308
5502,210,2309
5503,210,2299
5504,210,2310
5505,210,2311
5506,210,2312
5507,210,2300
5508,210,2313
5509,210,2314
5510,210,2315
5511,210,2316
5512,210,2317
5513,210,2318
5514,210,2319
5515,210,2320
5516,212,2321
5517,212,2322
5518,212,2325
5519,212,2327
5520,212,2328
5521,212,2329
5522,212,2330
5523,212,2331
5524,213,2321
5525,213,2327
5526,213,2328
5527,213,2335
5528,213,2336
5529,213,2337
5530,213,2338
5531,213,2339
5532,213,2340
5533,213,2341
5534,213,2342
5535,213,2343
5536,213,2344
5537,236,2526
5538,236,2527
5539,236,2528
5540,236,2530
5541,236,2531
5542,236,2532
5543,236,2533
5544,251,2655
5545,251,2656
5546,251,2657
5547,251,2658
5548,251,2659
5549,262,2741
5550,262,2742
5551,285,2913
5552,285,2914
5553,285,2916
5554,285,2917
5555,285,2918
5556,285,2919
5557,285,2915
5558,285,2920
5559,285,2921
5560,285,2922
5561,285,2923
5562,285,2924
5563,285,2925
5564,285,2926
5565,285,2927
5566,290,2936
5567,373,3643
5568,373,3644
5569,373,3645
5570,373,3646
5571,373,3647
5572,373,3648
5573,384,3688
5574,384,3689
5575,384,3690
5576,384,3691
5577,384,3692
5578,384,115
5579,384,3693
5580,384,3694
5581,384,116
5582,384,117
5583,384,3695
5584,384,3696
5585,384,3697
5586,391,2305
5587,391,2307
5588,391,2308
5589,391,2309
5590,391,3746
5591,391,2311
5592,391,2312
5593,421,3986
5594,429,4015
5595,429,4016
5596,429,4017
5597,459,4215
5598,459,4216
5599,7,115
5600,7,116
5601,7,117
5602,43,665
5603,43,666
5604,43,667
5605,43,670
5606,43,673
5607,43,674
5608,43,676
5609,209,2298
5610,209,2299
5611,209,2300
5612,211,2321
5613,211,2322
5614,211,2325
5615,211,2327
5616,211,2328
5617,211,2329
5618,211,2330
5619,211,2331
5620,284,2913
5621,284,2914
5622,284,2915
5623,286,2914
5624,287,2914
5625,287,2924
5626,366,2656
5627,7,98
5628,7,100
5629,7,102
5630,7,104
5631,7,105
5632,7,107
5633,7,108
5634,7,109
5635,7,118
5636,7,110
5637,7,119
5638,7,120
5639,7,121
5640,7,122
5641,7,114
5642,7,123
5643,43,668
5644,43,669
5645,43,671
5646,43,672
5647,43,675
5648,43,677
5649,43,678
5650,43,679
5651,43,680
5652,43,681
5653,43,682
5654,43,683
5655,43,684
5656,43,685
5657,209,2301
5658,209,2302
5659,209,2303
5660,211,2323
5661,211,2324
5662,211,2326
5663,211,2267
5664,366,3591
5665,366,3593
5666,366,3594
5667,366,3595
5668,366,3596
5669,366,3597
5670,366,3598
5671,366,3599
5672,366,3600
5673,366,3601
5674,366,3602
5675,366,3603
5676,366,3604
5677,6,98
5678,6,100
5679,6,102
5680,6,104
5681,6,105
5682,6,107
5683,6,108
5684,6,109
5685,6,110
5686,6,114
5687,204,2267
5688,232,100
5689,232,102
5690,232,104
5691,232,108
5692,232,114
5693,308,118
5694,308,120
5695,308,121
5696,308,122
5697,308,123
5698,365,3591
5699,367,3591
5700,6,99
5701,6,101
5702,6,103
5703,6,106
5704,6,111
5705,6,112
5706,6,113
5707,204,2195
5708,204,2198
5709,204,2199
5710,204,2200
5711,204,2201
5712,204,2202
5713,204,2203
5714,204,2204
5715,204,2205
5716,204,2206
5717,204,2207
5718,204,2208
5719,204,2209
5720,204,2210
5721,204,2211
5722,204,2212
5723,204,2213
5724,204,2214
5725,204,2215
5726,204,2216
5727,204,2217
5728,204,2218
5729,204,2219
5730,204,2220
5731,204,2221
5732,204,2222
5733,204,2223
5734,204,2224
5735,204,2225
5736,204,2226
5737,204,2227
5738,204,2228
5739,204,2229
5740,204,2230
5741,204,2231
5742,204,2232
5743,204,2233
5744,204,2234
5745,204,2235
5746,204,2236
5747,204,2237
5748,204,2238
5749,204,2239
5750,204,2240
5751,204,2241
5752,204,2242
5753,204,2243
5754,204,2244
5755,204,2245
5756,204,2246
5757,204,2247
5758,204,2248
5759,204,2249
5760,204,2250
5761,204,2251
5762,204,2252
5763,204,2253
5764,204,2254
5765,204,2255
5766,204,2256
5767,204,2257
5768,204,2258
5769,204,2259
5770,204,2260
5771,204,2261
5772,204,2262
5773,204,2263
5774,204,2264
5775,204,2265
5776,204,2266
5777,204,2268
5778,204,2269
5779,204,2270
5780,204,2271
5781,204,2272
5782,204,2273
5783,204,2274
5784,204,2275
5785,232,2503
5786,232,2504
5787,232,2505
5788,232,2506
5789,232,2507
5790,232,2508
5791,232,2509
5792,308,3108
5793,308,3109
5794,308,3110
5795,308,3111
5796,308,3112
5797,365,3592
5798,203,2195
5799,205,2198
5800,205,2203
5801,205,2220
5802,205,2227
5803,205,2228
5804,205,2234
5805,205,2258
5806,205,2259
5807,205,2269
5808,205,2271
5809,233,2504
5810,309,3108
5811,309,3112
5812,310,3108
5813,310,3109
5814,385,2199
5815,385,2201
5816,385,2208
5817,385,2211
5818,385,2221
5819,385,2237
5820,385,2239
5821,385,2245
5822,385,2247
5823,385,2252
5824,386,2199
5825,386,2201
5826,386,2205
5827,386,2208
5828,386,2211
5829,386,2221
5830,387,2199
5831,387,2200
5832,387,2205
5833,387,2206
5834,387,2208
5835,387,2209
5836,387,2210
5837,387,2219
5838,401,2204
5839,401,2226
5840,203,2196
5841,203,2197
5842,205,2276
5843,205,2277
5844,309,3113
5845,309,3114
5846,309,1987
5847,309,3115
5848,309,3116
5849,309,3117
5850,309,3118
5851,309,3119
5852,309,3120
5853,309,3121
5854,309,3122
5855,309,3123
5856,309,3124
5857,309,3125
5858,309,3126
5859,309,3127
5860,310,3128
5861,310,3129
5862,310,3130
5863,310,3131
5864,310,3132
5865,387,3698
5866,401,3830
5867,176,1987
5868,402,3830
5869,176,1971
5870,176,1982
5871,176,1983
5872,176,1984
5873,176,1985
5874,176,1986
5875,176,1988
5876,176,1989
5877,176,1990
5878,176,1991
5879,176,1992
5880,176,1993
5881,176,1994
5882,176,1995
5883,176,1996
5884,176,1997
5885,176,1998
5886,176,1999
5887,176,2000
5888,176,2001
5889,176,2002
5890,176,2003
5891,176,2004
5892,176,2005
5893,176,2006
5894,176,2007
5895,402,3831
5896,402,3832
5897,402,3833
5898,402,3834
5899,402,3835
5900,402,3836
5901,402,3837
5902,402,3838
5903,402,3839
5904,402,3840
5905,402,3552
5906,402,3841
5907,173,1971
5908,174,1971
5909,175,1971
5910,356,1989
5911,361,3552
5912,174,1972
5913,174,1973
5914,174,1974
5915,175,1975
5916,175,1976
5917,175,1977
5918,175,1978
5919,175,1979
5920,175,1980
5921,175,1981
5922,356,3516
5923,356,3520
5924,356,3521
5925,356,3522
5926,356,3523
5927,356,3524
5928,356,3525
5929,356,3526
5930,356,3527
5931,356,3528
5932,356,3529
5933,356,3530
5934,361,3544
5935,361,3545
5936,361,3546
5937,361,3547
5938,361,3548
5939,361,3549
5940,361,3550
5941,361,3551
5942,361,3553
5943,361,3554
5944,361,3555
5945,361,3556
5946,355,3516
5947,357,3516
5948,360,3544
5949,362,3544
5950,362,3545
5951,362,3546
5952,362,3548
5953,362,3550
5954,362,3554
5955,473,1973
5956,355,3517
5957,355,3518
5958,355,3519
5959,362,3557
5960,362,3558
5961,362,3559
5962,362,3560
5963,362,3561
5964,362,3562
5965,362,3563
5966,362,3564
5967,362,3565
5968,362,3566
5969,362,3567
5970,362,3568
5971,362,3569
5972,362,3570
5973,362,3571
5974,362,3572
5975,362,3573
5976,362,3574
5977,362,3575
5978,362,3576
5979,473,4298
5980,473,4301
5981,473,4302
5982,473,4303
5983,473,4304
5984,473,4299
5985,473,4305
5986,473,4306
5987,473,4307
5988,473,4308
5989,473,4309
5990,473,4310
5991,473,2129
5992,473,4311
5993,473,4312
5994,473,4313
5995,473,4314
5996,473,4315
5997,473,4316
5998,473,4317
5999,473,4300
6000,473,4318
6001,473,4319
6002,473,4320
6003,473,4321
6004,473,4322
6005,473,4323
6006,473,4324
6007,473,4325
6008,473,4326
6009,473,4327
6010,473,4328
6011,473,4329
6012,473,4330
6013,473,4331
6014,473,4332
6015,473,4333
6016,473,4334
6017,473,4335
6018,473,4336
6019,473,4337
6020,473,4338
6021,473,4339
6022,473,4340
6023,473,4341
6024,473,4342
6025,473,4343
6026,473,4344
6027,473,4345
6028,473,4346
6029,473,4347
6030,473,4348
6031,473,4349
6032,473,4350
6033,473,4351
6034,473,4352
6035,473,4353
6036,473,4354
6037,473,4355
6038,473,4356
6039,473,4357
6040,473,4358
6041,473,4359
6042,473,4360
6043,473,4361
6044,473,4362
6045,473,4363
6046,473,4364
6047,473,4365
6048,473,4366
6049,190,2129
6050,470,4298
6051,471,4298
6052,471,4299
6053,471,2129
6054,471,4300
6055,472,4298
6056,190,2125
6057,190,2126
6058,190,2127
6059,190,2128
6060,190,2130
6061,190,2131
6062,190,2132
6063,190,2133
6064,190,2134
6065,190,2135
6066,190,2136
6067,190,2137
6068,190,2138
6069,190,2139
6070,190,2140
6071,191,2125
6072,191,2141
