1,1,138
2,1,143
3,1,368
4,10,11
5,10,215
6,10,332
7,101,102
8,103,104
9,103,105
10,104,105
11,104,181
12,104,240
13,104,376
14,105,181
15,105,376
16,106,107
17,106,416
18,107,202
19,108,126
20,108,315
21,108,457
22,109,110
23,11,130
24,11,332
25,110,181
26,111,112
27,111,113
28,111,297
29,111,312
30,111,313
31,112,113
32,113,297
33,113,314
34,114,115
35,115,150
36,115,363
37,115,378
38,116,117
39,116,118
40,117,118
41,117,458
42,117,459
43,117,460
44,118,132
45,118,458
46,119,120
47,119,307
48,119,315
49,119,412
50,12,228
51,12,359
52,121,122
53,121,123
54,121,237
55,121,331
56,121,332
57,122,123
58,122,130
59,122,132
60,122,237
61,122,266
62,122,331
63,122,332
64,124,350
65,125,126
66,125,130
67,125,240
68,126,135
69,126,178
70,126,315
71,127,335
72,127,382
73,127,415
74,127,444
75,128,129
76,129,266
77,129,396
78,13,14
79,13,15
80,13,16
81,13,397
82,130,131
83,130,132
84,130,179
85,130,227
86,130,331
87,130,332
88,131,132
89,131,145
90,131,146
91,131,149
92,131,151
93,131,227
94,131,296
95,131,297
96,131,332
97,132,169
98,132,179
99,132,296
100,132,297
101,133,134
102,133,135
103,133,316
104,134,135
105,134,420
106,135,156
107,135,303
108,136,137
109,137,161
110,137,162
111,137,292
112,137,462
113,138,139
114,138,140
115,139,140
116,14,145
117,14,15
118,14,16
119,14,45
120,14,46
121,141,142
122,141,266
123,141,377
124,141,378
125,141,448
126,143,144
127,143,368
128,143,447
129,143,457
130,144,260
131,144,261
132,145,146
133,147,148
134,148,432
135,149,151
136,149,230
137,15,16
138,150,151
139,150,152
140,150,154
141,150,354
142,150,409
143,150,449
144,151,152
145,151,153
146,151,409
147,151,451
148,153,154
149,154,189
150,154,228
151,154,260
152,154,270
153,154,296
154,154,378
155,154,447
156,154,448
157,154,449
158,154,451
159,155,156
160,155,337
161,155,348
162,156,303
163,157,158
164,157,159
165,157,160
166,158,159
167,158,160
168,159,160
169,16,122
170,16,124
171,16,129
172,16,237
173,16,265
174,16,266
175,16,267
176,16,331
177,16,332
178,16,39
179,16,394
180,161,162
181,162,188
182,162,189
183,163,164
184,163,165
185,163,166
186,163,178
187,163,413
188,163,442
189,164,165
190,164,166
191,164,178
192,165,166
193,166,335
194,166,442
195,167,168
196,167,169
197,168,169
198,169,179
199,169,185
200,169,219
201,169,297
202,169,463
203,17,18
204,170,171
205,170,172
206,171,172
207,171,389
208,171,466
209,171,467
210,173,174
211,173,175
212,173,176
213,174,175
214,174,176
215,174,473
216,175,176
217,176,309
218,176,356
219,177,261
220,178,183
221,179,180
222,179,297
223,18,183
224,18,29
225,181,182
226,181,183
227,181,411
228,181,424
229,181,463
230,182,183
231,182,234
232,182,235
233,184,185
234,184,350
235,185,297
236,185,350
237,185,430
238,185,433
239,186,187
240,187,253
241,187,254
242,187,255
243,187,256
244,187,257
245,187,258
246,187,259
247,188,189
248,189,451
249,19,20
250,19,21
251,19,228
252,19,39
253,190,191
254,190,471
255,190,473
256,192,193
257,192,194
258,192,298
259,192,457
260,193,194
261,193,279
262,193,307
263,195,196
264,195,197
265,196,197
266,196,198
267,196,244
268,196,469
269,199,200
270,2,3
271,2,4
272,2,452
273,2,5
274,20,21
275,20,345
276,20,368
277,200,275
278,201,202
279,203,204
280,204,205
281,204,211
282,204,385
283,204,386
284,204,387
285,204,401
286,206,207
287,206,208
288,207,208
289,207,273
290,208,273
291,209,210
292,21,221
293,21,228
294,210,391
295,210,392
296,210,393
297,211,212
298,211,213
299,212,213
300,212,390
301,213,392
302,214,215
303,216,217
304,216,218
305,217,218
306,218,451
307,219,364
308,22,143
309,22,200
310,22,275
311,22,447
312,220,221
313,220,222
314,221,222
315,223,224
316,223,225
317,223,226
318,223,238
319,223,239
320,224,225
321,224,226
322,225,226
323,227,228
324,227,243
325,227,332
326,227,378
327,227,396
328,228,266
329,228,448
330,229,261
331,23,24
332,23,281
333,23,282
334,23,283
335,230,231
336,232,233
337,234,235
338,234,364
339,236,343
340,237,238
341,237,239
342,238,239
343,238,296
344,238,297
345,240,241
346,240,326
347,240,339
348,240,425
349,242,243
350,243,346
351,244,245
352,244,246
353,244,406
354,245,246
355,247,248
356,247,249
357,247,250
358,248,249
359,248,250
360,249,250
361,25,26
362,25,321
363,250,440
364,251,252
365,251,253
366,251,366
367,252,253
368,253,254
369,253,255
370,253,256
371,253,257
372,253,258
373,253,259
374,254,255
375,254,256
376,254,257
377,254,258
378,254,259
379,254,280
380,255,256
381,255,257
382,255,258
383,255,259
384,255,280
385,256,257
386,256,258
387,256,259
388,257,258
389,257,259
390,258,259
391,26,160
392,260,261
393,260,368
394,260,378
395,260,447
396,261,410
397,262,263
398,263,453
399,264,326
400,265,266
401,265,267
402,265,305
403,266,267
404,266,273
405,266,305
406,268,269
407,268,270
408,268,271
409,268,272
410,269,270
411,269,271
412,269,272
413,27,28
414,270,271
415,270,272
416,271,272
417,273,274
418,275,276
419,276,300
420,276,317
421,276,318
422,276,319
423,277,278
424,277,279
425,278,279
426,279,307
427,28,141
428,28,149
429,28,154
430,28,321
431,28,332
432,28,34
433,28,364
434,28,377
435,28,378
436,28,447
437,28,448
438,28,449
439,28,451
440,28,51
441,28,52
442,280,285
443,281,282
444,281,283
445,281,326
446,282,283
447,284,285
448,284,286
449,284,287
450,285,286
451,285,287
452,286,287
453,288,289
454,288,290
455,288,463
456,289,290
457,29,261
458,29,311
459,29,416
460,29,457
461,29,53
462,29,92
463,291,292
464,291,293
465,292,293
466,292,326
467,292,377
468,293,329
469,293,332
470,293,377
471,294,295
472,295,398
473,295,438
474,295,440
475,296,297
476,296,430
477,296,433
478,297,306
479,297,399
480,297,430
481,297,433
482,297,456
483,298,465
484,299,300
485,3,4
486,30,31
487,30,32
488,301,302
489,301,303
490,301,304
491,302,303
492,302,304
493,303,304
494,305,306
495,305,442
496,306,399
497,306,456
498,307,412
499,307,442
500,308,309
501,308,310
502,309,310
503,31,183
504,31,295
505,31,32
506,31,322
507,31,42
508,31,438
509,31,440
510,31,447
511,312,313
512,312,314
513,313,314
514,315,316
515,315,457
516,317,318
517,317,319
518,318,319
519,32,183
520,32,322
521,320,321
522,320,354
523,320,397
524,322,323
525,323,324
526,324,325
527,324,436
528,324,438
529,324,439
530,324,463
531,325,436
532,325,438
533,325,439
534,325,463
535,326,327
536,326,328
537,327,328
538,329,330
539,329,331
540,329,332
541,329,333
542,33,412
543,33,53
544,330,331
545,330,332
546,330,333
547,331,332
548,331,333
549,332,333
550,334,335
551,334,384
552,335,382
553,336,337
554,336,338
555,336,348
556,337,338
557,337,348
558,339,340
559,34,137
560,34,35
561,34,36
562,34,37
563,341,342
564,341,343
565,342,343
566,343,352
567,343,394
568,344,345
569,344,406
570,346,347
571,348,378
572,349,350
573,349,351
574,35,137
575,35,36
576,35,37
577,350,351
578,352,394
579,353,354
580,354,370
581,354,397
582,355,356
583,355,357
584,356,357
585,358,359
586,359,447
587,36,136
588,36,137
589,36,350
590,36,37
591,360,361
592,360,362
593,361,362
594,361,402
595,363,364
596,364,378
597,364,449
598,365,366
599,365,367
600,366,367
601,369,370
602,369,371
603,369,373
604,37,136
605,37,80
606,37,81
607,37,82
608,370,371
609,370,462
610,371,373
611,372,373
612,372,374
613,372,375
614,372,376
615,373,374
616,373,375
617,373,376
618,374,375
619,374,376
620,375,376
621,377,378
622,377,448
623,378,418
624,378,447
625,378,448
626,378,449
627,379,380
628,379,381
629,38,39
630,38,40
631,380,381
632,382,383
633,382,384
634,383,384
635,385,386
636,385,387
637,386,387
638,388,389
639,388,390
640,389,390
641,389,392
642,389,466
643,389,467
644,39,129
645,39,238
646,39,239
647,39,265
648,39,266
649,39,331
650,39,40
651,39,466
652,39,469
653,391,392
654,391,393
655,392,393
656,395,396
657,399,400
658,4,261
659,4,29
660,4,410
661,4,452
662,4,5
663,4,92
664,40,144
665,40,177
666,40,282
667,40,48
668,40,50
669,40,93
670,401,402
671,405,406
672,405,407
673,405,408
674,406,407
675,406,408
676,407,408
677,409,445
678,409,446
679,41,170
680,41,181
681,41,227
682,41,228
683,41,404
684,41,411
685,41,42
686,41,424
687,41,446
688,41,47
689,41,71
690,41,72
691,410,411
692,411,424
693,414,415
694,414,416
695,414,422
696,414,423
697,415,416
698,415,444
699,416,426
700,417,418
701,418,447
702,419,420
703,419,421
704,42,129
705,42,227
706,42,228
707,420,421
708,422,423
709,424,446
710,428,429
711,428,468
712,43,44
713,430,431
714,430,432
715,430,433
716,430,434
717,431,432
718,431,433
719,431,434
720,432,433
721,432,434
722,433,434
723,435,436
724,435,437
725,435,438
726,435,439
727,435,440
728,435,441
729,436,437
730,436,438
731,436,439
732,436,440
733,436,441
734,437,438
735,437,439
736,437,440
737,437,441
738,438,439
739,438,440
740,438,441
741,439,440
742,439,441
743,44,352
744,440,441
745,443,444
746,445,446
747,445,469
748,448,449
749,448,450
750,448,451
751,449,450
752,45,148
753,45,154
754,45,181
755,45,182
756,45,183
757,45,326
758,45,432
759,45,46
760,452,453
761,452,454
762,452,455
763,453,454
764,453,455
765,454,455
766,458,459
767,458,460
768,459,460
769,461,462
770,461,463
771,462,463
772,464,465
773,466,467
774,468,469
775,470,471
776,470,472
777,470,473
778,471,472
779,471,473
780,472,473
781,48,49
782,48,50
783,48,93
784,49,273
785,49,50
786,50,177
787,50,181
788,50,261
789,51,377
790,51,378
791,51,52
792,52,378
793,53,108
794,53,119
795,53,193
796,53,279
797,53,307
798,53,315
799,53,316
800,53,403
801,53,412
802,53,442
803,53,457
804,54,102
805,54,55
806,55,101
807,55,102
808,55,307
809,56,186
810,56,187
811,56,253
812,56,254
813,56,255
814,56,256
815,56,257
816,56,258
817,56,259
818,56,280
819,56,320
820,57,58
821,57,59
822,58,143
823,58,276
824,58,359
825,58,447
826,58,59
827,58,91
828,59,276
829,59,379
830,6,232
831,6,7
832,60,61
833,60,62
834,60,63
835,60,64
836,60,65
837,60,66
838,60,67
839,61,62
840,61,63
841,61,64
842,61,65
843,61,66
844,61,67
845,62,63
846,62,64
847,62,65
848,62,66
849,62,67
850,63,64
851,63,65
852,63,66
853,63,67
854,64,65
855,64,66
856,64,67
857,65,66
858,65,67
859,66,67
860,67,121
861,68,368
862,68,69
863,68,70
864,69,70
865,7,232
866,7,308
867,7,384
868,71,72
869,73,74
870,73,75
871,73,76
872,73,77
873,73,78
874,73,79
875,74,75
876,74,76
877,74,77
878,74,78
879,74,79
880,75,155
881,75,334
882,75,335
883,75,427
884,75,76
885,75,77
886,75,78
887,75,79
888,76,305
889,76,442
890,76,77
891,76,78
892,76,79
893,77,78
894,77,79
895,78,79
896,79,442
897,8,22
898,80,81
899,80,82
900,81,82
901,83,84
902,84,124
903,84,350
904,85,86
905,85,87
906,85,88
907,85,89
908,85,90
909,86,87
910,86,88
911,86,89
912,86,90
913,87,88
914,87,89
915,87,90
916,88,89
917,88,90
918,89,90
919,9,10
920,9,11
921,9,132
922,9,179
923,9,214
924,9,215
925,9,297
926,9,332
927,9,396
928,90,264
929,91,276
930,91,364
931,91,92
932,91,93
933,92,240
934,92,261
935,92,276
936,92,93
937,93,244
938,93,282
939,93,417
940,94,95
941,94,96
942,95,96
943,96,447
944,96,97
945,98,100
946,98,99
947,99,100
948,99,135
