1,1,139
2,1,144
3,1,390
4,10,11
5,10,229
6,10,352
7,101,102
8,103,234
9,103,551
10,104,105
11,104,106
12,104,601
13,104,648
14,104,649
15,105,106
16,105,185
17,105,256
18,105,398
19,105,514
20,106,185
21,106,398
22,107,108
23,107,442
24,108,216
25,109,127
26,109,335
27,109,483
28,109,609
29,11,131
30,11,352
31,110,111
32,111,185
33,111,506
34,112,113
35,112,114
36,112,317
37,112,332
38,112,333
39,113,114
40,114,317
41,114,334
42,114,561
43,115,116
44,116,151
45,116,385
46,116,401
47,117,118
48,117,119
49,118,119
50,118,484
51,118,485
52,118,486
53,119,133
54,119,484
55,12,244
56,12,381
57,120,121
58,120,327
59,120,335
60,120,438
61,122,123
62,122,124
63,122,253
64,122,351
65,122,352
66,123,124
67,123,131
68,123,133
69,123,253
70,123,282
71,123,351
72,123,352
73,125,372
74,126,127
75,126,131
76,126,256
77,126,602
78,127,136
79,127,182
80,127,335
81,127,566
82,128,357
83,128,405
84,128,441
85,128,470
86,128,548
87,128,549
88,128,550
89,128,551
90,128,603
91,128,604
92,128,610
93,129,130
94,13,14
95,13,15
96,13,16
97,13,422
98,130,282
99,130,421
100,130,590
101,131,132
102,131,133
103,131,183
104,131,243
105,131,351
106,131,352
107,131,535
108,132,133
109,132,146
110,132,147
111,132,150
112,132,152
113,132,243
114,132,316
115,132,317
116,132,352
117,132,506
118,132,507
119,132,508
120,132,519
121,132,520
122,132,535
123,132,541
124,132,546
125,133,172
126,133,183
127,133,316
128,133,317
129,133,508
130,133,534
131,133,535
132,134,135
133,134,136
134,134,336
135,135,136
136,135,446
137,136,159
138,136,323
139,137,138
140,138,164
141,138,165
142,138,312
143,138,488
144,139,140
145,139,141
146,14,146
147,14,15
148,14,16
149,14,45
150,14,46
151,140,141
152,142,143
153,142,282
154,142,400
155,142,401
156,142,474
157,142,578
158,144,145
159,144,390
160,144,473
161,144,483
162,145,276
163,145,277
164,146,147
165,148,149
166,149,458
167,15,16
168,150,152
169,150,246
170,151,152
171,151,153
172,151,155
173,151,376
174,151,434
175,151,475
176,152,153
177,152,154
178,152,434
179,152,477
180,154,155
181,155,193
182,155,244
183,155,276
184,155,286
185,155,316
186,155,401
187,155,473
188,155,474
189,155,475
190,155,477
191,156,157
192,157,521
193,158,159
194,158,359
195,158,370
196,159,323
197,159,567
198,16,123
199,16,125
200,16,130
201,16,253
202,16,281
203,16,282
204,16,283
205,16,351
206,16,352
207,16,39
208,16,419
209,16,507
210,16,520
211,160,161
212,160,162
213,160,163
214,161,162
215,161,163
216,162,163
217,163,530
218,164,165
219,165,192
220,165,193
221,165,639
222,165,641
223,166,167
224,166,168
225,166,169
226,166,182
227,166,439
228,166,468
229,166,618
230,167,168
231,167,169
232,167,182
233,168,169
234,168,514
235,169,357
236,169,468
237,17,18
238,170,171
239,170,172
240,171,172
241,172,183
242,172,189
243,172,233
244,172,317
245,172,489
246,173,174
247,173,175
248,173,605
249,173,606
250,173,607
251,173,608
252,174,175
253,174,414
254,174,492
255,174,493
256,176,626
257,177,178
258,177,179
259,177,180
260,178,179
261,178,180
262,178,504
263,179,180
264,18,187
265,18,29
266,180,329
267,180,378
268,180,536
269,181,277
270,182,187
271,182,514
272,182,515
273,183,184
274,183,317
275,183,508
276,185,186
277,185,187
278,185,437
279,185,450
280,185,489
281,185,528
282,185,529
283,185,583
284,185,584
285,186,187
286,186,250
287,186,251
288,186,514
289,186,515
290,186,533
291,186,552
292,187,514
293,187,515
294,187,532
295,188,189
296,188,372
297,189,317
298,189,372
299,189,456
300,189,459
301,19,20
302,19,21
303,19,244
304,19,39
305,190,191
306,191,269
307,191,270
308,191,271
309,191,272
310,191,273
311,191,274
312,191,275
313,192,193
314,193,477
315,194,195
316,195,505
317,195,619
318,196,197
319,196,198
320,196,199
321,197,198
322,197,199
323,198,199
324,198,203
325,2,3
326,2,4
327,2,478
328,2,5
329,2,512
330,2,595
331,20,21
332,20,367
333,20,390
334,20,509
335,200,201
336,200,202
337,200,203
338,200,510
339,201,202
340,201,203
341,202,203
342,203,510
343,203,511
344,204,205
345,204,502
346,204,504
347,206,207
348,206,208
349,206,318
350,206,483
351,207,208
352,207,299
353,207,327
354,208,624
355,209,210
356,209,211
357,21,237
358,21,244
359,210,211
360,210,212
361,210,260
362,210,499
363,210,633
364,213,214
365,214,295
366,215,216
367,216,636
368,216,637
369,217,218
370,218,219
371,218,225
372,218,410
373,218,411
374,218,412
375,218,426
376,218,553
377,218,642
378,22,144
379,22,214
380,22,295
381,22,473
382,220,221
383,220,222
384,221,222
385,221,293
386,222,293
387,223,224
388,224,416
389,224,417
390,224,418
391,225,226
392,225,227
393,226,227
394,226,415
395,227,417
396,228,229
397,23,24
398,23,301
399,23,302
400,23,303
401,23,561
402,230,231
403,230,232
404,231,232
405,232,477
406,233,386
407,234,235
408,235,500
409,236,237
410,236,238
411,237,238
412,239,240
413,239,241
414,239,242
415,239,254
416,239,255
417,240,241
418,240,242
419,241,242
420,243,244
421,243,259
422,243,352
423,243,401
424,243,421
425,243,590
426,244,282
427,244,474
428,244,526
429,244,602
430,244,604
431,244,616
432,245,277
433,246,247
434,248,249
435,25,26
436,25,341
437,250,251
438,250,386
439,250,514
440,250,650
441,252,365
442,253,254
443,253,255
444,254,255
445,254,316
446,254,317
447,255,649
448,256,257
449,256,346
450,256,361
451,256,451
452,256,585
453,256,602
454,256,650
455,258,259
456,259,368
457,259,525
458,259,526
459,259,590
460,26,163
461,26,530
462,260,261
463,260,262
464,260,431
465,260,509
466,260,611
467,261,262
468,263,264
469,263,265
470,263,266
471,264,265
472,264,266
473,265,266
474,266,466
475,267,268
476,267,269
477,267,388
478,268,269
479,269,270
480,269,271
481,269,272
482,269,273
483,269,274
484,269,275
485,27,28
486,270,271
487,270,272
488,270,273
489,270,274
490,270,275
491,270,300
492,271,272
493,271,273
494,271,274
495,271,275
496,271,300
497,272,273
498,272,274
499,272,275
500,273,274
501,273,275
502,274,275
503,276,277
504,276,390
505,276,401
506,276,473
507,277,436
508,278,279
509,278,529
510,279,479
511,279,529
512,28,142
513,28,150
514,28,155
515,28,34
516,28,341
517,28,352
518,28,386
519,28,400
520,28,401
521,28,473
522,28,474
523,28,475
524,28,477
525,28,51
526,28,52
527,28,576
528,28,578
529,280,346
530,281,282
531,281,283
532,281,325
533,282,283
534,282,293
535,282,325
536,284,285
537,284,286
538,284,287
539,284,288
540,285,286
541,285,287
542,285,288
543,285,575
544,286,287
545,286,288
546,286,580
547,287,288
548,289,290
549,289,291
550,289,292
551,289,547
552,289,623
553,29,277
554,29,331
555,29,442
556,29,483
557,29,53
558,29,92
559,290,291
560,290,292
561,290,547
562,290,623
563,291,292
564,293,294
565,295,296
566,296,320
567,296,337
568,296,338
569,296,339
570,297,298
571,297,299
572,298,299
573,299,327
574,299,609
575,3,4
576,30,31
577,30,32
578,300,305
579,301,302
580,301,303
581,301,346
582,302,303
583,303,561
584,304,305
585,304,306
586,304,307
587,305,306
588,305,307
589,306,307
590,308,309
591,308,310
592,308,489
593,309,310
594,31,187
595,31,315
596,31,32
597,31,342
598,31,42
599,31,464
600,31,466
601,31,473
602,311,312
603,311,313
604,312,313
605,312,346
606,312,400
607,313,349
608,313,352
609,313,400
610,314,315
611,315,423
612,315,464
613,315,466
614,315,522
615,316,317
616,316,456
617,316,459
618,317,326
619,317,424
620,317,456
621,317,459
622,317,482
623,318,491
624,319,320
625,32,187
626,32,342
627,32,584
628,321,322
629,321,323
630,321,324
631,322,323
632,322,324
633,323,324
634,324,567
635,325,326
636,325,468
637,326,424
638,326,482
639,326,541
640,327,438
641,327,468
642,327,609
643,328,329
644,328,330
645,329,330
646,329,612
647,33,438
648,33,53
649,332,333
650,332,334
651,333,334
652,335,336
653,335,483
654,335,593
655,336,604
656,337,338
657,337,339
658,338,339
659,34,138
660,34,35
661,34,36
662,34,37
663,34,529
664,340,341
665,340,376
666,340,422
667,342,343
668,343,344
669,343,649
670,344,345
671,344,462
672,344,464
673,344,465
674,344,489
675,345,462
676,345,464
677,345,465
678,345,489
679,346,347
680,346,348
681,346,650
682,347,348
683,349,350
684,349,351
685,349,352
686,349,353
687,35,138
688,35,36
689,35,37
690,350,351
691,350,352
692,350,353
693,351,352
694,351,353
695,351,507
696,351,520
697,352,353
698,353,592
699,354,355
700,354,604
701,356,357
702,356,407
703,356,599
704,356,600
705,356,601
706,357,405
707,357,517
708,358,359
709,358,360
710,358,370
711,358,513
712,359,360
713,359,370
714,36,137
715,36,138
716,36,37
717,36,372
718,36,529
719,361,362
720,361,585
721,361,586
722,361,587
723,363,364
724,363,365
725,364,365
726,365,374
727,365,419
728,366,367
729,366,431
730,366,509
731,368,369
732,37,137
733,37,80
734,37,81
735,37,82
736,370,401
737,370,513
738,371,372
739,371,373
740,371,519
741,371,520
742,372,373
743,372,525
744,372,596
745,372,597
746,372,598
747,372,620
748,373,519
749,373,520
750,374,419
751,374,552
752,375,376
753,376,392
754,376,422
755,376,561
756,376,576
757,377,378
758,377,379
759,378,379
760,378,505
761,378,536
762,378,539
763,378,540
764,38,39
765,38,40
766,380,381
767,380,626
768,380,627
769,380,628
770,381,473
771,381,615
772,381,616
773,382,383
774,382,384
775,383,384
776,383,427
777,383,542
778,384,507
779,384,542
780,384,543
781,384,544
782,385,386
783,386,401
784,386,475
785,386,578
786,387,388
787,387,389
788,388,389
789,39,130
790,39,254
791,39,255
792,39,281
793,39,282
794,39,351
795,39,40
796,39,492
797,39,499
798,39,507
799,391,392
800,391,393
801,391,395
802,392,393
803,392,488
804,392,576
805,393,395
806,394,395
807,394,396
808,394,397
809,394,398
810,395,396
811,395,397
812,395,398
813,396,397
814,396,398
815,397,398
816,399,500
817,4,277
818,4,29
819,4,436
820,4,478
821,4,5
822,4,512
823,4,92
824,40,145
825,40,181
826,40,302
827,40,48
828,40,50
829,40,93
830,400,401
831,400,474
832,400,578
833,401,444
834,401,473
835,401,474
836,401,475
837,401,578
838,402,403
839,402,404
840,403,404
841,405,406
842,405,407
843,406,407
844,408,409
845,409,612
846,41,173
847,41,185
848,41,243
849,41,244
850,41,42
851,41,429
852,41,437
853,41,450
854,41,47
855,41,472
856,41,605
857,41,71
858,41,72
859,410,411
860,410,412
861,410,553
862,411,412
863,413,414
864,413,415
865,414,415
866,414,417
867,414,492
868,414,493
869,416,417
870,416,418
871,417,418
872,42,130
873,42,243
874,42,244
875,42,590
876,420,421
877,421,511
878,424,425
879,424,541
880,426,427
881,428,593
882,43,44
883,430,431
884,430,432
885,430,433
886,431,432
887,431,433
888,431,509
889,432,433
890,433,509
891,434,471
892,434,472
893,435,521
894,436,437
895,436,528
896,436,529
897,437,450
898,44,374
899,44,562
900,440,441
901,440,442
902,440,448
903,440,449
904,441,442
905,441,470
906,442,452
907,442,566
908,443,444
909,443,611
910,444,473
911,444,590
912,445,446
913,445,447
914,446,447
915,448,449
916,45,149
917,45,155
918,45,185
919,45,186
920,45,187
921,45,346
922,45,458
923,45,46
924,45,515
925,45,533
926,45,552
927,45,588
928,450,472
929,454,455
930,454,498
931,456,457
932,456,458
933,456,459
934,456,460
935,457,458
936,457,459
937,457,460
938,458,459
939,458,460
940,459,460
941,461,462
942,461,463
943,461,464
944,461,465
945,461,466
946,461,467
947,462,463
948,462,464
949,462,465
950,462,466
951,462,467
952,462,576
953,463,464
954,463,465
955,463,466
956,463,467
957,464,465
958,464,466
959,464,467
960,464,576
961,465,466
962,465,467
963,465,576
964,466,467
965,466,576
966,467,576
967,469,470
968,469,635
969,471,472
970,471,499
971,473,525
972,474,475
973,474,476
974,474,477
975,474,578
976,475,476
977,478,479
978,478,480
979,478,481
980,479,480
981,479,481
982,48,49
983,48,50
984,48,514
985,48,93
986,480,481
987,481,647
988,481,649
989,483,528
990,483,593
991,483,609
992,484,485
993,484,486
994,485,486
995,487,488
996,487,489
997,488,489
998,488,632
999,49,293
1000,49,50
1001,490,491
1002,492,493
1003,494,495
1004,494,590
1005,495,496
1006,495,497
1007,496,497
1008,498,499
1009,50,181
1010,50,185
1011,50,277
1012,50,528
1013,50,529
1014,50,533
1015,501,502
1016,501,503
1017,501,504
1018,502,503
1019,502,504
1020,503,504
1021,505,536
1022,505,539
1023,505,540
1024,506,507
1025,506,508
1026,507,508
1027,507,525
1028,507,542
1029,51,400
1030,51,401
1031,51,52
1032,510,511
1033,512,595
1034,512,649
1035,514,515
1036,516,517
1037,516,518
1038,517,518
1039,519,520
1040,519,541
1041,52,401
1042,520,541
1043,521,565
1044,522,523
1045,522,524
1046,523,524
1047,525,526
1048,525,527
1049,528,529
1050,529,531
1051,53,109
1052,53,120
1053,53,207
1054,53,299
1055,53,327
1056,53,335
1057,53,336
1058,53,428
1059,53,438
1060,53,468
1061,53,483
1062,53,571
1063,53,573
1064,53,593
1065,53,609
1066,53,614
1067,531,532
1068,531,533
1069,534,535
1070,536,537
1071,536,538
1072,537,538
1073,539,540
1074,54,102
1075,54,55
1076,541,546
1077,541,552
1078,541,590
1079,542,543
1080,542,544
1081,543,544
1082,544,594
1083,545,546
1084,547,548
1085,547,549
1086,547,623
1087,548,549
1088,55,101
1089,55,102
1090,55,327
1091,550,551
1092,552,588
1093,553,554
1094,553,555
1095,553,556
1096,554,555
1097,554,556
1098,554,557
1099,554,558
1100,554,559
1101,554,560
1102,555,556
1103,556,557
1104,556,558
1105,556,559
1106,557,558
1107,557,559
1108,558,559
1109,56,190
1110,56,191
1111,56,269
1112,56,270
1113,56,271
1114,56,272
1115,56,273
1116,56,274
1117,56,275
1118,56,300
1119,56,340
1120,561,562
1121,561,563
1122,562,563
1123,564,565
1124,566,567
1125,568,569
1126,568,570
1127,568,571
1128,568,572
1129,568,573
1130,568,574
1131,569,570
1132,569,571
1133,569,572
1134,569,573
1135,569,574
1136,57,58
1137,57,59
1138,570,571
1139,570,572
1140,570,573
1141,570,574
1142,571,572
1143,571,573
1144,571,574
1145,572,573
1146,572,574
1147,573,574
1148,575,576
1149,575,577
1150,576,577
1151,579,580
1152,579,581
1153,579,582
1154,579,583
1155,58,144
1156,58,296
1157,58,381
1158,58,473
1159,58,525
1160,58,59
1161,58,91
1162,580,581
1163,580,582
1164,580,583
1165,581,582
1166,581,583
1167,582,583
1168,585,586
1169,585,587
1170,586,587
1171,588,589
1172,588,590
1173,588,591
1174,588,592
1175,589,590
1176,589,591
1177,589,592
1178,59,296
1179,59,402
1180,590,591
1181,590,592
1182,591,592
1183,594,595
1184,596,597
1185,596,598
1186,597,598
1187,599,600
1188,599,601
1189,6,248
1190,6,7
1191,60,61
1192,60,62
1193,60,63
1194,60,64
1195,60,65
1196,60,66
1197,60,67
1198,600,601
1199,600,648
1200,600,649
1201,601,648
1202,601,649
1203,602,650
1204,603,604
1205,605,606
1206,605,607
1207,605,608
1208,606,607
1209,606,608
1210,607,608
1211,61,62
1212,61,63
1213,61,64
1214,61,65
1215,61,66
1216,61,67
1217,612,613
1218,615,616
1219,616,625
1220,616,646
1221,617,618
1222,62,63
1223,62,64
1224,62,65
1225,62,66
1226,62,67
1227,620,621
1228,620,622
1229,621,622
1230,624,625
1231,626,627
1232,626,628
1233,627,628
1234,629,630
1235,629,631
1236,629,632
1237,63,64
1238,63,65
1239,63,66
1240,63,67
1241,630,631
1242,630,632
1243,631,632
1244,634,635
1245,636,637
1246,638,639
1247,64,65
1248,64,66
1249,64,67
1250,640,641
1251,642,643
1252,642,644
1253,643,644
1254,645,646
1255,645,647
1256,646,647
1257,648,649
1258,65,66
1259,65,67
1260,650,651
1261,66,67
1262,67,122
1263,68,390
1264,68,69
1265,68,70
1266,69,70
1267,7,248
1268,7,328
1269,7,407
1270,71,72
1271,73,74
1272,73,75
1273,73,76
1274,73,77
1275,73,78
1276,73,79
1277,74,75
1278,74,76
1279,74,77
1280,74,78
1281,74,79
1282,75,158
1283,75,356
1284,75,357
1285,75,453
1286,75,521
1287,75,76
1288,75,77
1289,75,78
1290,75,79
1291,76,325
1292,76,468
1293,76,77
1294,76,78
1295,76,79
1296,77,78
1297,77,79
1298,78,79
1299,79,468
1300,8,22
1301,8,578
1302,80,81
1303,80,82
1304,81,82
1305,83,84
1306,84,125
1307,84,372
1308,85,86
1309,85,87
1310,85,88
1311,85,89
1312,85,90
1313,86,87
1314,86,88
1315,86,89
1316,86,90
1317,87,88
1318,87,89
1319,87,90
1320,88,89
1321,88,90
1322,89,90
1323,9,10
1324,9,11
1325,9,133
1326,9,183
1327,9,228
1328,9,229
1329,9,317
1330,9,352
1331,9,421
1332,90,280
1333,91,296
1334,91,386
1335,91,525
1336,91,92
1337,91,93
1338,92,256
1339,92,277
1340,92,296
1341,92,93
1342,93,260
1343,93,302
1344,93,443
1345,94,95
1346,94,96
1347,95,96
1348,96,473
1349,96,97
1350,97,590
1351,98,100
1352,98,99
1353,99,100
1354,99,136
1355,99,609
