0,1,1
1,1,945
2,1,2250
3,1,2257
4,2,1
5,3,1
6,4,1
7,5,1
8,6,1
9,7,1
10,854,945
11,682,945
12,3,945
13,855,945
14,556,945
15,856,945
16,234,2250
17,1607,2250
18,1608,2250
19,1609,2250
20,1223,2250
21,1610,2250
22,4,2250
23,3,2250
24,563,2250
25,981,2250
26,979,2250
27,1208,2250
28,766,2257
29,1615,2257
30,1031,2257
31,363,2257
32,1610,2257
33,627,2257
34,975,2257
35,602,2257
36,4,2257
37,1611,2257
38,1612,2257
39,917,2257
40,1616,2257
41,563,2257
42,931,2257
43,1431,2257
44,1445,2257
45,1208,2257
46,234,184
47,363,370
48,556,570
49,4,570
50,3,570
51,563,570
52,602,600
53,602,601
54,627,635
55,682,694
56,766,798
57,602,819
58,602,922
59,602,923
60,363,962
61,363,963
62,682,995
63,917,1020
64,931,1038
65,602,1108
66,682,1116
67,975,1120
68,979,1120
69,981,1121
70,981,1183
71,1031,1187
72,979,1191
73,682,1202
74,1031,1221
75,602,1224
76,682,1307
77,602,1322
78,602,1323
79,602,1324
80,975,1346
81,856,1350
82,981,1359
83,766,1383
84,981,1410
85,1208,1423
86,1208,1432
87,1223,1453
88,981,1453
89,1208,1465
90,602,1480
91,682,1491
92,563,1523
93,975,1644
94,1208,1658
95,363,1673
96,975,1673
97,975,1705
98,363,1705
99,854,1705
100,766,1743
101,981,1795
102,1208,1795
103,682,1809
104,856,1831
105,854,1842
106,931,1871
107,363,1872
108,363,1873
109,917,1873
110,1431,1873
111,602,1874
112,363,1891
113,602,1891
114,1445,1908
115,1445,1981
116,363,2004
117,682,2033
118,627,2048
119,766,2124
120,981,2133
121,766,2251
122,234,2251
123,1607,2251
124,1609,2251
125,1610,2251
126,602,2251
127,4,2251
128,1611,2251
129,1612,2251
130,563,2251
131,1208,2251
132,234,2256
133,1607,2256
134,1612,2256
135,682,2263
136,975,2267
137,981,2281
138,981,2331
139,931,2356
140,230,184
141,232,184
142,233,184
143,557,570
144,558,570
145,559,570
146,560,570
147,561,570
148,562,570
149,505,694
150,681,694
151,683,694
152,684,694
153,294,798
154,763,798
155,764,798
156,765,798
157,131,798
158,132,798
159,846,923
160,568,995
161,685,995
162,572,995
163,777,995
164,891,995
165,915,1020
166,916,1020
167,529,1020
168,918,1020
169,919,1020
170,965,1108
171,968,1116
172,969,1116
173,970,1116
174,865,1116
175,971,1116
176,858,1116
177,972,1116
178,973,1120
179,974,1120
180,389,1120
181,727,1120
182,976,1120
183,977,1120
184,459,1120
185,978,1120
186,980,1120
187,1022,1183
188,1023,1183
189,1029,1187
190,1030,1187
191,1032,1187
192,1033,1191
193,1034,1191
194,1035,1191
195,1036,1191
196,1037,1191
197,1038,1191
198,1039,1191
199,365,1191
200,1058,1202
201,1059,1202
202,783,1202
203,718,1202
204,394,1202
205,1060,1202
206,163,1202
207,402,1202
208,970,1202
209,1061,1202
210,1062,1202
211,1063,1202
212,183,1221
213,181,1221
214,182,1221
215,880,1224
216,1136,1307
217,1081,1307
218,394,1307
219,1137,1307
220,1141,1322
221,1058,1346
222,723,1346
223,1151,1350
224,1152,1350
225,1005,1350
226,1153,1350
227,1154,1350
228,1155,1350
229,1156,1350
230,389,1350
231,1157,1350
232,1158,1350
233,1159,1350
234,1068,1350
235,1160,1350
236,1165,1359
237,1176,1383
238,1165,1410
239,1166,1410
240,1196,1410
241,632,1410
242,1207,1423
243,1213,1432
244,62,1432
245,403,1432
246,1214,1432
247,660,1453
248,1205,1453
249,656,1453
250,727,1453
251,661,1453
252,1224,1453
253,1228,1465
254,988,1465
255,656,1465
256,1229,1465
257,1230,1465
258,965,1480
259,1271,1523
260,1272,1523
261,1273,1523
262,1274,1523
263,1275,1523
264,1276,1523
265,781,1523
266,1277,1523
267,998,1523
268,1278,1523
269,718,1644
270,396,1644
271,1317,1644
272,1318,1644
273,990,1658
274,1328,1658
275,1329,1658
276,1330,1658
277,1331,1658
278,1332,1658
279,1333,1658
280,873,1673
281,780,1673
282,453,1673
283,1336,1673
284,873,1705
285,874,1705
286,559,1705
287,1336,1705
288,1346,1705
289,1347,1705
290,763,1743
291,294,1743
292,453,1795
293,608,1795
294,457,1795
295,671,1795
296,1193,1809
297,453,1809
298,891,1809
299,1410,1809
300,1360,1809
301,654,1809
302,1419,1842
303,780,1842
304,1418,1842
305,1427,1872
306,608,1873
307,1427,1873
308,1428,1873
309,1429,1873
310,1430,1873
311,1432,1873
312,1433,1874
313,1436,1891
314,1444,1908
315,1446,1908
316,1444,1981
317,803,1981
318,1446,1981
319,190,2033
320,777,2033
321,347,2033
322,344,2033
323,1515,2033
324,782,2033
325,780,2033
326,1557,2124
327,1558,2124
328,1564,2133
329,1574,2251
330,1613,2251
331,1214,2263
332,1012,2263
333,976,2267
334,1619,2267
335,560,2267
336,1137,2267
337,759,2281
338,1626,2281
339,1627,2281
340,1628,2281
341,190,2331
342,62,33
343,131,84
344,132,84
345,163,115
346,181,136
347,182,136
348,183,136
349,190,144
350,230,181
351,230,182
352,230,183
353,230,185
354,230,186
355,294,260
356,344,352
357,347,352
358,163,368
359,365,371
360,389,405
361,394,408
362,396,408
363,402,415
364,402,416
365,403,420
366,132,440
367,402,454
368,402,474
369,402,475
370,131,486
371,453,486
372,132,486
373,457,486
374,344,486
375,459,486
376,131,487
377,163,506
378,505,541
379,529,555
380,505,558
381,190,559
382,183,562
383,402,565
384,568,572
385,572,572
386,505,572
387,505,587
388,402,591
389,181,594
390,183,595
391,181,595
392,608,604
393,402,616
394,402,621
395,62,629
396,632,641
397,183,659
398,181,659
399,190,663
400,654,663
401,389,665
402,656,667
403,660,667
404,661,667
405,402,679
406,402,680
407,671,684
408,685,695
409,505,695
410,402,699
411,402,714
412,632,716
413,402,721
414,402,722
415,568,731
416,718,734
417,568,736
418,723,736
419,727,741
420,402,742
421,759,795
422,402,810
423,190,822
424,347,822
425,777,822
426,780,822
427,781,822
428,782,822
429,783,822
430,632,857
431,803,862
432,62,890
433,347,916
434,727,916
435,846,924
436,846,925
437,402,926
438,858,947
439,865,950
440,394,950
441,873,959
442,874,959
443,453,966
444,344,966
445,568,966
446,777,966
447,880,972
448,671,991
449,685,1005
450,681,1005
451,723,1006
452,232,1017
453,402,1021
454,131,1032
455,457,1032
456,131,1036
457,457,1036
458,402,1063
459,759,1067
460,759,1072
461,402,1095
462,402,1105
463,880,1123
464,988,1129
465,990,1129
466,132,1129
467,402,1130
468,998,1140
469,998,1141
470,759,1148
471,183,1150
472,182,1150
473,1005,1153
474,1012,1158
475,132,1158
476,1033,1192
477,1035,1192
478,1036,1192
479,365,1192
480,1035,1193
481,365,1193
482,1033,1194
483,974,1194
484,780,1196
485,1068,1208
486,190,1217
487,457,1218
488,1081,1219
489,608,1220
490,183,1222
491,181,1222
492,182,1222
493,181,1223
494,183,1223
495,1022,1240
496,1022,1253
497,608,1254
498,1022,1254
499,190,1257
500,1061,1274
501,608,1276
502,457,1336
503,632,1344
504,1165,1358
505,1166,1358
506,230,1374
507,459,1380
508,190,1390
509,777,1390
510,1136,1390
511,780,1391
512,1193,1403
513,1205,1418
514,1058,1430
515,1059,1430
516,718,1430
517,783,1430
518,394,1430
519,163,1430
520,402,1448
521,183,1485
522,181,1485
523,182,1485
524,402,1496
525,453,1496
526,1061,1516
527,1081,1516
528,394,1516
529,718,1516
530,1061,1526
531,402,1543
532,1068,1549
533,389,1549
534,131,1553
535,457,1553
536,394,1558
537,131,1561
538,181,1562
539,232,1576
540,232,1577
541,232,1578
542,232,1579
543,232,1580
544,232,1581
545,232,1582
546,232,1583
547,232,1584
548,232,1597
549,976,1598
550,1037,1601
551,132,1604
552,1012,1612
553,1012,1613
554,1012,1614
555,1012,1615
556,1012,1616
557,1012,1617
558,1012,1618
559,402,1619
560,402,1620
561,965,1645
562,759,1660
563,632,1665
564,402,1668
565,874,1669
566,874,1670
567,891,1686
568,681,1686
569,990,1694
570,608,1702
571,459,1720
572,1360,1729
573,505,1729
574,723,1729
575,190,1731
576,1272,1731
577,608,1731
578,1360,1731
579,1081,1731
580,402,1737
581,1061,1738
582,1272,1750
583,846,1756
584,505,1799
585,684,1799
586,505,1800
587,402,1826
588,1176,1833
589,163,1839
590,718,1839
591,1317,1839
592,1062,1839
593,1418,1840
594,1419,1843
595,723,1851
596,1152,1878
597,1154,1878
598,1433,1892
599,1436,1892
600,1336,1898
601,190,1918
602,505,1921
603,684,1921
604,723,1921
605,190,1951
606,632,1966
607,402,1971
608,1444,1982
609,1444,1983
610,874,1987
611,403,1987
612,783,2001
613,759,2005
614,402,2012
615,557,2020
616,874,2025
617,759,2025
618,163,2026
619,1317,2026
620,568,2031
621,347,2031
622,777,2032
623,344,2032
624,727,2034
625,131,2035
626,727,2036
627,1137,2039
628,505,2045
629,684,2045
630,505,2046
631,684,2046
632,891,2086
633,394,2086
634,916,2097
635,916,2099
636,389,2101
637,131,2112
638,457,2112
639,873,2120
640,1213,2140
641,344,2152
642,1137,2155
643,846,2157
644,1574,2157
645,190,2175
646,759,2176
647,402,2181
648,1159,2190
649,1068,2190
650,608,2191
651,1557,2220
652,365,2221
653,163,2222
654,394,2222
655,230,2227
656,190,2233
657,1152,2237
658,1154,2237
659,559,2244
660,1157,2249
661,365,2276
662,916,2298
663,131,2300
664,347,2305
665,344,2305
666,780,2305
667,777,2305
668,453,2305
669,568,2321
670,777,2321
671,572,2321
672,459,2353
673,162,115
674,164,115
675,165,115
676,184,136
677,191,144
678,224,181
679,224,183
680,231,183
681,235,185
682,235,186
683,292,260
684,293,260
685,290,260
686,291,260
687,345,352
688,346,352
689,348,352
690,359,368
691,360,368
692,162,368
693,361,368
694,364,371
695,366,371
696,391,408
697,392,408
698,393,408
699,345,408
700,395,408
701,364,440
702,410,440
703,411,440
704,399,440
705,412,440
706,413,440
707,414,440
708,415,440
709,424,454
710,425,454
711,424,474
712,445,475
713,451,486
714,452,486
715,454,486
716,455,486
717,456,486
718,364,486
719,458,486
720,415,486
721,460,487
722,461,487
723,162,506
724,360,506
725,361,506
726,506,541
727,507,541
728,508,541
729,527,555
730,528,555
731,533,558
732,534,559
733,535,559
734,536,559
735,537,559
736,538,559
737,539,559
738,540,559
739,549,565
740,565,572
741,566,572
742,567,572
743,569,572
744,537,572
745,570,572
746,571,572
747,573,572
748,574,572
749,575,572
750,576,572
751,590,594
752,184,595
753,613,616
754,618,621
755,633,641
756,247,659
757,537,663
758,651,663
759,652,663
760,653,663
761,655,665
762,657,667
763,658,667
764,659,667
765,662,667
766,613,679
767,668,680
768,613,680
769,672,684
770,673,684
771,686,695
772,687,695
773,540,695
774,688,695
775,691,699
776,698,714
777,541,716
778,704,721
779,705,722
780,713,731
781,452,731
782,714,731
783,716,734
784,717,734
785,537,736
786,570,736
787,722,736
788,576,736
789,760,795
790,770,810
791,613,810
792,778,822
793,779,822
794,784,822
795,785,822
796,804,862
797,836,916
798,837,916
799,847,924
800,848,925
801,712,926
802,613,926
803,95,947
804,845,947
805,857,947
806,860,950
807,861,950
808,862,950
809,863,950
810,864,950
811,866,950
812,875,966
813,876,966
814,345,966
815,576,966
816,881,972
817,897,1005
818,567,1005
819,537,1005
820,898,1005
821,899,1005
822,631,1006
823,576,1006
824,537,1006
825,900,1006
826,879,1006
827,901,1006
828,902,1006
829,903,1006
830,593,1017
831,912,1017
832,308,1021
833,623,1021
834,461,1032
835,925,1032
836,926,1032
837,927,1032
838,928,1032
839,929,1032
840,944,1063
841,25,1063
842,945,1063
843,946,1067
844,623,1067
845,947,1067
846,392,1067
847,308,1067
848,962,1095
849,983,1123
850,984,1123
851,985,1123
852,989,1129
853,991,1129
854,992,1129
855,477,1130
856,1006,1153
857,1011,1158
858,584,1158
859,1040,1192
860,1041,1192
861,1042,1192
862,1043,1192
863,1044,1192
864,1045,1193
865,1041,1193
866,1046,1193
867,1047,1193
868,1048,1194
869,1049,1194
870,1050,1194
871,1051,1194
872,1052,1196
873,1053,1196
874,26,1208
875,1067,1208
876,1078,1217
877,1077,1217
878,714,1217
879,352,1218
880,1079,1218
881,1080,1219
882,779,1219
883,1082,1219
884,1083,1219
885,1084,1219
886,1085,1219
887,1086,1219
888,1087,1219
889,802,1219
890,184,1223
891,259,1240
892,1095,1240
893,1105,1257
894,1106,1257
895,1107,1257
896,1108,1257
897,692,1274
898,1000,1274
899,1120,1274
900,162,1274
901,503,1274
902,289,1336
903,290,1336
904,822,1344
905,1147,1344
906,383,1344
907,400,1344
908,541,1344
909,1148,1344
910,1149,1344
911,830,1374
912,625,1380
913,1174,1380
914,1067,1380
915,1175,1380
916,1184,1390
917,1185,1390
918,1186,1390
919,1187,1390
920,1052,1391
921,1194,1403
922,348,1403
923,1206,1418
924,1212,1430
925,1221,1448
926,581,1496
927,549,1496
928,1243,1496
929,1261,1516
930,693,1516
931,162,1516
932,361,1516
933,1262,1516
934,1263,1516
935,162,1526
936,692,1526
937,1279,1526
938,1120,1526
939,400,1543
940,1206,1549
941,1293,1549
942,1011,1549
943,1294,1549
944,1295,1549
945,1296,1549
946,461,1553
947,399,1553
948,399,1558
949,461,1561
950,1307,1576
951,1309,1598
952,582,1601
953,584,1601
954,584,1604
955,1221,1619
956,1221,1620
957,1319,1645
958,908,1665
959,593,1668
960,912,1668
961,392,1686
962,1340,1686
963,263,1694
964,1353,1720
965,1354,1720
966,992,1720
967,1355,1720
968,540,1729
969,898,1729
970,900,1729
971,1361,1729
972,1362,1729
973,1363,1729
974,716,1729
975,1364,1729
976,1365,1731
977,992,1731
978,1367,1738
979,162,1738
980,692,1738
981,1368,1738
982,1369,1738
983,693,1738
984,720,1738
985,503,1738
986,1370,1738
987,1371,1738
988,719,1738
989,721,1738
990,1372,1738
991,506,1799
992,687,1799
993,533,1799
994,1406,1799
995,571,1799
996,688,1799
997,1407,1799
998,506,1800
999,533,1800
1000,593,1826
1001,912,1826
1002,165,1839
1003,162,1839
1004,1233,1839
1005,629,1839
1006,1417,1839
1007,537,1851
1008,162,1851
1009,571,1851
1010,900,1851
1011,1370,1851
1012,543,1851
1013,1438,1898
1014,688,1921
1015,1453,1921
1016,1370,1951
1017,1371,1951
1018,719,1951
1019,331,1966
1020,770,1966
1021,885,2001
1022,1506,2005
1023,1341,2005
1024,424,2012
1025,425,2012
1026,1334,2020
1027,1509,2020
1028,674,2025
1029,760,2025
1030,720,2026
1031,719,2026
1032,570,2026
1033,1076,2031
1034,714,2031
1035,1512,2031
1036,452,2031
1037,1513,2031
1038,1514,2032
1039,458,2035
1040,1518,2039
1041,688,2045
1042,1522,2045
1043,1523,2045
1044,687,2046
1045,553,2046
1046,533,2046
1047,1524,2046
1048,571,2086
1049,900,2086
1050,537,2086
1051,1442,2097
1052,1540,2097
1053,1541,2097
1054,1542,2097
1055,1050,2097
1056,1543,2097
1057,1544,2097
1058,1545,2097
1059,1546,2097
1060,1550,2099
1061,1544,2099
1062,1442,2099
1063,1554,2120
1064,1555,2120
1065,1442,2140
1066,1114,2152
1067,1571,2155
1068,1572,2155
1069,1573,2157
1070,1386,2157
1071,1372,2175
1072,760,2176
1073,761,2176
1074,1583,2181
1075,1069,2191
1076,410,2191
1077,1597,2222
1078,1598,2222
1079,571,2222
1080,902,2222
1081,1599,2222
1082,629,2222
1083,1600,2222
1084,1601,2222
1085,1602,2222
1086,1603,2222
1087,967,2227
1088,1197,2233
1089,1606,2244
1090,711,2249
1091,456,2300
1092,1366,2300
1093,454,2300
1094,455,2300
1095,1634,2300
1096,1635,2300
1097,1637,2305
1098,575,2321
1099,1087,2321
1100,899,2321
1101,1650,2353
1102,25,8
1103,26,8
1104,95,54
1105,224,177
1106,247,200
1107,247,202
1108,247,203
1109,247,204
1110,259,212
1111,263,217
1112,289,258
1113,290,258
1114,291,259
1115,289,259
1116,290,259
1117,308,279
1118,308,280
1119,308,281
1120,308,282
1121,331,327
1122,95,332
1123,352,353
1124,162,373
1125,361,373
1126,308,378
1127,95,395
1128,383,399
1129,399,412
1130,400,413
1131,308,423
1132,291,426
1133,289,426
1134,290,426
1135,400,451
1136,331,480
1137,411,485
1138,411,507
1139,477,514
1140,25,525
1141,400,529
1142,162,539
1143,503,539
1144,162,542
1145,259,557
1146,400,560
1147,541,560
1148,543,561
1149,553,568
1150,331,578
1151,581,579
1152,581,580
1153,581,581
1154,582,583
1155,584,583
1156,593,597
1157,331,606
1158,259,618
1159,618,622
1160,259,626
1161,259,628
1162,308,631
1163,623,631
1164,364,633
1165,625,633
1166,412,638
1167,629,639
1168,535,639
1169,536,639
1170,631,639
1171,584,643
1172,582,643
1173,590,648
1174,590,651
1175,162,654
1176,413,660
1177,360,678
1178,165,678
1179,308,682
1180,674,686
1181,162,700
1182,503,700
1183,692,700
1184,693,700
1185,359,717
1186,537,718
1187,359,718
1188,668,727
1189,655,728
1190,26,728
1191,711,729
1192,668,729
1193,712,730
1194,570,735
1195,719,735
1196,720,735
1197,721,735
1198,668,747
1199,400,748
1200,308,755
1201,308,768
1202,25,769
1203,26,769
1204,25,770
1205,655,770
1206,712,782
1207,761,796
1208,400,797
1209,331,801
1210,770,806
1211,26,815
1212,364,821
1213,359,845
1214,308,848
1215,802,858
1216,633,864
1217,668,864
1218,331,874
1219,400,881
1220,541,881
1221,400,882
1222,541,882
1223,400,883
1224,541,883
1225,822,884
1226,541,884
1227,383,885
1228,541,885
1229,527,889
1230,830,903
1231,308,912
1232,845,921
1233,95,948
1234,845,948
1235,95,949
1236,879,968
1237,25,975
1238,885,977
1239,95,982
1240,456,983
1241,383,992
1242,415,998
1243,460,1000
1244,400,1004
1245,908,1013
1246,26,1028
1247,655,1028
1248,674,1030
1249,345,1040
1250,162,1045
1251,668,1053
1252,25,1060
1253,26,1060
1254,25,1062
1255,25,1064
1256,26,1064
1257,25,1065
1258,655,1065
1259,25,1066
1260,623,1073
1261,400,1077
1262,400,1078
1263,400,1079
1264,400,1080
1265,400,1081
1266,400,1082
1267,770,1087
1268,25,1090
1269,455,1096
1270,352,1102
1271,967,1110
1272,967,1111
1273,967,1119
1274,881,1125
1275,259,1139
1276,1000,1144
1277,259,1170
1278,26,1180
1279,655,1180
1280,477,1188
1281,582,1197
1282,582,1199
1283,1069,1209
1284,1076,1216
1285,1077,1216
1286,714,1216
1287,674,1234
1288,25,1237
1289,352,1242
1290,822,1249
1291,761,1251
1292,1114,1268
1293,1114,1275
1294,352,1289
1295,410,1299
1296,822,1302
1297,590,1338
1298,411,1364
1299,460,1364
1300,25,1370
1301,655,1370
1302,25,1371
1303,655,1371
1304,625,1372
1305,383,1381
1306,653,1384
1307,411,1386
1308,26,1389
1309,26,1392
1310,582,1394
1311,399,1404
1312,26,1405
1313,26,1406
1314,400,1409
1315,1197,1411
1316,1197,1412
1317,668,1417
1318,331,1429
1319,625,1443
1320,364,1443
1321,1067,1443
1322,25,1456
1323,399,1462
1324,582,1467
1325,582,1469
1326,582,1470
1327,582,1471
1328,165,1472
1329,162,1473
1330,1233,1473
1331,1080,1474
1332,967,1481
1333,1078,1483
1334,1114,1483
1335,400,1487
1336,352,1498
1337,1069,1501
1338,308,1514
1339,224,1518
1340,95,1532
1341,885,1533
1342,1206,1548
1343,1293,1548
1344,1221,1585
1345,1221,1586
1346,1221,1587
1347,1221,1589
1348,1221,1590
1349,1221,1591
1350,537,1596
1351,582,1602
1352,582,1603
1353,584,1603
1354,415,1606
1355,1221,1621
1356,1221,1622
1357,1221,1623
1358,1221,1624
1359,1221,1625
1360,1334,1661
1361,411,1662
1362,165,1672
1363,770,1678
1364,582,1681
1365,989,1683
1366,331,1687
1367,383,1688
1368,1341,1688
1369,625,1692
1370,364,1692
1371,1067,1692
1372,581,1703
1373,693,1707
1374,1366,1733
1375,704,1749
1376,590,1752
1377,581,1765
1378,1386,1768
1379,1353,1773
1380,926,1774
1381,926,1775
1382,926,1776
1383,926,1777
1384,461,1777
1385,383,1790
1386,383,1798
1387,308,1806
1388,383,1806
1389,352,1808
1390,618,1816
1391,460,1817
1392,967,1817
1393,460,1818
1394,668,1819
1395,1042,1837
1396,399,1841
1397,712,1846
1398,95,1852
1399,967,1858
1400,581,1869
1401,1386,1869
1402,582,1877
1403,590,1901
1404,224,1902
1405,1442,1903
1406,95,1928
1407,830,1929
1408,26,1935
1409,331,1941
1410,770,1941
1411,770,1962
1412,95,1970
1413,308,1974
1414,400,1975
1415,822,1979
1416,593,1994
1417,912,1994
1418,1341,2003
1419,822,2009
1420,259,2011
1421,668,2028
1422,26,2038
1423,655,2038
1424,538,2050
1425,618,2068
1426,308,2072
1427,95,2080
1428,95,2082
1429,95,2083
1430,95,2085
1431,989,2092
1432,1442,2096
1433,1442,2098
1434,1442,2100
1435,543,2125
1436,625,2131
1437,364,2131
1438,1174,2131
1439,1442,2137
1440,1442,2138
1441,451,2138
1442,1442,2139
1443,1442,2141
1444,1442,2142
1445,1442,2143
1446,366,2158
1447,366,2159
1448,26,2164
1449,26,2165
1450,760,2177
1451,674,2185
1452,674,2195
1453,674,2196
1454,674,2197
1455,1341,2198
1456,25,2201
1457,26,2201
1458,366,2217
1459,761,2223
1460,1197,2232
1461,1197,2236
1462,582,2252
1463,761,2261
1464,411,2266
1465,352,2278
1466,1079,2278
1467,352,2285
1468,926,2290
1469,926,2292
1470,1518,2293
1471,822,2310
1472,26,2322
1473,26,2323
1474,26,2324
1475,26,2326
1476,26,2328
1477,308,2337
1478,674,2345
1479,26,2349
1480,94,54
1481,248,200
1482,248,202
1483,248,203
1484,249,203
1485,248,204
1486,258,212
1487,288,258
1488,309,279
1489,309,280
1490,310,280
1491,309,281
1492,320,332
1493,349,353
1494,350,353
1495,351,353
1496,368,378
1497,203,395
1498,376,395
1499,382,399
1500,384,399
1501,509,542
1502,510,542
1503,258,557
1504,542,561
1505,502,561
1506,544,561
1507,552,568
1508,579,578
1509,580,579
1510,580,581
1511,583,583
1512,592,597
1513,316,618
1514,614,618
1515,615,618
1516,616,618
1517,530,622
1518,531,622
1519,258,626
1520,258,628
1521,628,638
1522,630,639
1523,639,651
1524,647,660
1525,648,660
1526,649,660
1527,650,660
1528,666,678
1529,667,678
1530,670,682
1531,699,717
1532,700,717
1533,701,717
1534,502,717
1535,702,718
1536,494,727
1537,710,727
1538,690,728
1539,149,729
1540,710,729
1541,710,730
1542,732,755
1543,741,769
1544,605,769
1545,501,769
1546,746,782
1547,762,796
1548,333,806
1549,772,815
1550,776,821
1551,309,848
1552,808,864
1553,579,874
1554,313,889
1555,859,948
1556,320,949
1557,552,968
1558,746,975
1559,320,982
1560,889,992
1561,895,1000
1562,801,1000
1563,122,1000
1564,896,1004
1565,909,1013
1566,690,1028
1567,709,1028
1568,923,1028
1569,390,1030
1570,924,1030
1571,583,1030
1572,509,1045
1573,612,1053
1574,775,1073
1575,953,1073
1576,954,1073
1577,548,1073
1578,756,1073
1579,956,1082
1580,958,1087
1581,959,1087
1582,960,1090
1583,746,1090
1584,961,1090
1585,695,1096
1586,963,1096
1587,351,1102
1588,44,1102
1589,577,1111
1590,127,1119
1591,128,1119
1592,588,1119
1593,997,1139
1594,999,1144
1595,997,1170
1596,690,1180
1597,709,1180
1598,753,1180
1599,149,1180
1600,833,1180
1601,479,1188
1602,490,1197
1603,489,1197
1604,583,1199
1605,1070,1209
1606,44,1242
1607,1104,1251
1608,731,1251
1609,1121,1275
1610,104,1289
1611,350,1289
1612,351,1289
1613,349,1289
1614,1001,1302
1615,1135,1302
1616,639,1338
1617,1168,1372
1618,1169,1372
1619,1170,1372
1620,1177,1384
1621,1178,1384
1622,1179,1384
1623,517,1389
1624,1183,1389
1625,690,1392
1626,103,1394
1627,1195,1404
1628,690,1405
1629,833,1405
1630,690,1406
1631,1198,1411
1632,1199,1411
1633,1198,1412
1634,1200,1412
1635,1199,1412
1636,1201,1412
1637,1204,1417
1638,1219,1443
1639,1220,1443
1640,1170,1443
1641,746,1456
1642,287,1470
1643,1231,1470
1644,1232,1470
1645,550,1481
1646,1234,1483
1647,1235,1483
1648,349,1498
1649,350,1498
1650,351,1498
1651,1070,1501
1652,732,1514
1653,1267,1518
1654,1268,1518
1655,94,1532
1656,702,1596
1657,1102,1606
1658,1335,1662
1659,1337,1683
1660,889,1688
1661,1220,1692
1662,1342,1692
1663,594,1707
1664,202,1733
1665,201,1733
1666,1378,1749
1667,206,1765
1668,207,1765
1669,1383,1768
1670,1384,1768
1671,1385,1768
1672,1389,1773
1673,1390,1773
1674,1391,1773
1675,1133,1773
1676,1392,1777
1677,732,1790
1678,492,1806
1679,715,1806
1680,732,1806
1681,994,1808
1682,349,1808
1683,350,1808
1684,351,1808
1685,104,1808
1686,663,1808
1687,635,1817
1688,635,1818
1689,94,1852
1690,1383,1869
1691,1384,1869
1692,1133,1877
1693,894,1901
1694,639,1901
1695,1440,1901
1696,1441,1902
1697,94,1928
1698,1269,1929
1699,1458,1935
1700,554,1941
1701,798,1941
1702,1461,1941
1703,554,1962
1704,1472,1970
1705,732,1974
1706,492,1975
1707,732,1975
1708,1473,1979
1709,624,1994
1710,1482,2003
1711,1483,2003
1712,1484,2003
1713,1485,2003
1714,1486,2003
1715,1487,2003
1716,1488,2003
1717,1489,2003
1718,1490,2003
1719,957,2003
1720,825,2003
1721,1491,2003
1722,1492,2003
1723,1315,2003
1724,1493,2003
1725,1494,2003
1726,1495,2003
1727,831,2003
1728,1496,2003
1729,1497,2003
1730,1498,2003
1731,1499,2003
1732,1500,2003
1733,1401,2003
1734,1501,2003
1735,1502,2003
1736,1503,2003
1737,1504,2003
1738,1505,2003
1739,707,2038
1740,690,2038
1741,1516,2038
1742,709,2038
1743,753,2038
1744,149,2038
1745,1517,2038
1746,833,2038
1747,1526,2050
1748,531,2068
1749,670,2072
1750,94,2080
1751,1437,2082
1752,94,2082
1753,603,2092
1754,1537,2092
1755,1538,2092
1756,1391,2096
1757,583,2096
1758,1547,2098
1759,1548,2098
1760,1549,2098
1761,542,2125
1762,1559,2125
1763,1219,2131
1764,1561,2131
1765,1562,2131
1766,1563,2131
1767,583,2138
1768,34,2139
1769,35,2139
1770,1566,2139
1771,1567,2142
1772,1568,2142
1773,1569,2142
1774,1575,2158
1775,1576,2158
1776,298,2158
1777,823,2159
1778,1170,2164
1779,483,2164
1780,1578,2165
1781,483,2165
1782,583,2196
1783,1587,2196
1784,924,2196
1785,390,2196
1786,611,2198
1787,741,2201
1788,605,2201
1789,823,2217
1790,1201,2236
1791,1617,2261
1792,1587,2261
1793,1618,2261
1794,1623,2278
1795,1632,2292
1796,209,2292
1797,203,2293
1798,1010,2293
1799,1633,2293
1800,1056,2293
1801,1638,2310
1802,1460,2323
1803,277,2324
1804,277,2326
1805,1460,2328
1806,1591,2337
1807,583,2345
1808,34,13
1809,34,14
1810,35,15
1811,34,16
1812,35,17
1813,44,24
1814,103,59
1815,104,60
1816,122,69
1817,127,73
1818,128,74
1819,127,74
1820,122,75
1821,122,76
1822,122,77
1823,122,78
1824,122,79
1825,122,80
1826,122,81
1827,122,82
1828,103,89
1829,149,99
1830,201,162
1831,202,162
1832,203,163
1833,206,166
1834,207,166
1835,209,167
1836,34,198
1837,258,211
1838,94,219
1839,277,236
1840,287,255
1841,287,256
1842,298,266
1843,313,283
1844,316,292
1845,316,293
1846,316,294
1847,316,295
1848,316,296
1849,316,297
1850,127,298
1851,94,300
1852,94,302
1853,320,304
1854,320,305
1855,149,306
1856,320,311
1857,333,328
1858,127,337
1859,128,337
1860,298,372
1861,368,374
1862,368,375
1863,368,376
1864,368,377
1865,104,382
1866,382,400
1867,310,402
1868,310,404
1869,390,407
1870,122,424
1871,35,425
1872,258,452
1873,209,456
1874,209,458
1875,94,494
1876,316,509
1877,316,511
1878,479,515
1879,479,516
1880,483,520
1881,483,521
1882,103,524
1883,489,526
1884,490,526
1885,492,527
1886,494,530
1887,501,537
1888,502,538
1889,517,550
1890,298,552
1891,530,556
1892,531,556
1893,548,564
1894,550,566
1895,203,567
1896,554,569
1897,203,573
1898,577,576
1899,550,576
1900,577,577
1901,316,588
1902,588,589
1903,201,592
1904,594,598
1905,603,602
1906,605,603
1907,550,605
1908,349,607
1909,550,610
1910,611,612
1911,313,612
1912,320,613
1913,612,615
1914,612,619
1915,530,623
1916,209,624
1917,209,625
1918,258,630
1919,624,632
1920,333,642
1921,635,646
1922,580,656
1923,517,657
1924,122,661
1925,122,662
1926,104,668
1927,663,669
1928,209,673
1929,103,676
1930,517,681
1931,548,685
1932,544,692
1933,149,697
1934,690,697
1935,128,698
1936,127,698
1937,550,702
1938,550,703
1939,550,704
1940,550,705
1941,695,709
1942,690,724
1943,149,724
1944,707,725
1945,690,725
1946,709,725
1947,149,725
1948,149,726
1949,690,726
1950,715,732
1951,702,737
1952,715,746
1953,310,750
1954,715,751
1955,731,751
1956,732,751
1957,732,752
1958,492,756
1959,732,756
1960,310,766
1961,715,771
1962,209,776
1963,592,777
1964,690,789
1965,753,789
1966,94,790
1967,756,792
1968,310,805
1969,206,807
1970,207,807
1971,206,808
1972,207,808
1973,206,809
1974,209,811
1975,494,812
1976,492,813
1977,288,814
1978,775,817
1979,517,820
1980,349,829
1981,122,832
1982,122,842
1983,122,843
1984,122,844
1985,122,846
1986,122,847
1987,798,853
1988,122,854
1989,122,855
1990,801,855
1991,34,859
1992,122,869
1993,122,876
1994,122,877
1995,517,886
1996,258,888
1997,517,891
1998,823,892
1999,825,893
2000,122,901
2001,104,902
2002,663,902
2003,831,904
2004,831,905
2005,831,906
2006,494,907
2007,715,907
2008,731,907
2009,149,907
2010,833,908
2011,741,910
2012,715,911
2013,611,913
2014,149,914
2015,592,915
2016,310,928
2017,746,929
2018,128,935
2019,122,936
2020,550,942
2021,544,967
2022,104,970
2023,517,985
2024,670,988
2025,552,994
2026,894,997
2027,122,1011
2028,206,1018
2029,349,1023
2030,350,1023
2031,588,1025
2032,517,1029
2033,316,1052
2034,957,1085
2035,376,1086
2036,310,1088
2037,958,1089
2038,349,1093
2039,350,1093
2040,663,1099
2041,104,1100
2042,663,1100
2043,104,1101
2044,351,1106
2045,104,1106
2046,577,1109
2047,316,1113
2048,390,1114
2049,104,1118
2050,149,1131
2051,690,1131
2052,709,1131
2053,104,1133
2054,663,1133
2055,994,1133
2056,531,1134
2057,492,1135
2058,494,1142
2059,1001,1145
2060,350,1151
2061,510,1154
2062,94,1155
2063,492,1155
2064,1010,1157
2065,128,1162
2066,756,1163
2067,741,1164
2068,605,1164
2069,201,1181
2070,202,1181
2071,1056,1200
2072,104,1203
2073,517,1207
2074,954,1212
2075,209,1233
2076,203,1236
2077,313,1247
2078,1102,1247
2079,953,1256
2080,612,1271
2081,550,1272
2082,34,1281
2083,663,1285
2084,492,1291
2085,746,1291
2086,961,1291
2087,833,1298
2088,1133,1300
2089,1001,1303
2090,517,1304
2091,831,1314
2092,663,1318
2093,994,1318
2094,663,1319
2095,1104,1345
2096,635,1355
2097,635,1356
2098,288,1360
2099,288,1361
2100,94,1365
2101,122,1369
2102,577,1376
2103,384,1382
2104,612,1385
2105,612,1388
2106,201,1401
2107,202,1401
2108,104,1408
2109,592,1416
2110,775,1434
2111,287,1435
2112,994,1436
2113,104,1436
2114,663,1436
2115,203,1440
2116,960,1442
2117,313,1449
2118,1102,1449
2119,756,1451
2120,1199,1452
2121,517,1457
2122,298,1458
2123,316,1460
2124,287,1468
2125,1231,1468
2126,550,1476
2127,203,1509
2128,203,1510
2129,1269,1519
2130,34,1527
2131,103,1537
2132,550,1539
2133,624,1539
2134,741,1541
2135,741,1542
2136,1235,1556
2137,34,1560
2138,288,1563
2139,994,1564
2140,288,1570
2141,382,1575
2142,313,1605
2143,1102,1605
2144,288,1607
2145,288,1608
2146,288,1610
2147,517,1627
2148,209,1633
2149,1315,1636
2150,1315,1637
2151,1315,1638
2152,351,1643
2153,350,1643
2154,548,1648
2155,287,1653
2156,603,1659
2157,548,1663
2158,548,1664
2159,548,1666
2160,209,1671
2161,548,1675
2162,548,1676
2163,548,1677
2164,548,1679
2165,1133,1690
2166,1133,1691
2167,594,1706
2168,310,1708
2169,1133,1715
2170,1133,1716
2171,1133,1718
2172,1133,1719
2173,831,1721
2174,1133,1722
2175,1133,1723
2176,958,1728
2177,313,1734
2178,313,1736
2179,310,1742
2180,831,1744
2181,831,1745
2182,611,1751
2183,313,1751
2184,775,1758
2185,1315,1762
2186,206,1764
2187,207,1764
2188,206,1766
2189,103,1781
2190,1401,1789
2191,206,1791
2192,94,1792
2193,746,1794
2194,825,1801
2195,104,1804
2196,1001,1811
2197,492,1812
2198,298,1813
2199,310,1814
2200,298,1814
2201,127,1825
2202,128,1825
2203,258,1832
2204,298,1866
2205,1170,1868
2206,201,1875
2207,202,1875
2208,1133,1879
2209,1437,1896
2210,1437,1897
2211,894,1900
2212,258,1920
2213,994,1932
2214,1460,1936
2215,1001,1946
2216,710,1949
2217,1461,1955
2218,577,1959
2219,798,1965
2220,1461,1965
2221,288,1976
2222,1473,1977
2223,1473,1978
2224,209,1984
2225,592,1991
2226,127,2043
2227,772,2061
2228,603,2074
2229,1315,2084
2230,1460,2102
2231,333,2103
2232,583,2114
2233,772,2134
2234,772,2136
2235,994,2147
2236,350,2153
2237,298,2160
2238,298,2161
2239,298,2162
2240,1575,2162
2241,483,2163
2242,483,2166
2243,1578,2167
2244,483,2167
2245,316,2168
2246,1473,2179
2247,548,2183
2248,390,2189
2249,206,2192
2250,207,2192
2251,741,2202
2252,605,2202
2253,298,2205
2254,1591,2209
2255,1576,2219
2256,1198,2234
2257,1201,2235
2258,1198,2235
2259,384,2242
2260,384,2243
2261,288,2259
2262,209,2272
2263,957,2284
2264,957,2286
2265,1473,2291
2266,1269,2295
2267,957,2296
2268,957,2297
2269,1460,2301
2270,277,2301
2271,277,2302
2272,203,2306
2273,1010,2306
2274,1638,2307
2275,1638,2308
2276,1638,2309
2277,1638,2311
2278,1638,2312
2279,1638,2313
2280,1638,2315
2281,1638,2316
2282,1638,2317
2283,1460,2325
2284,333,2329
2285,550,2333
2286,746,2338
2287,376,2339
2288,1056,2342
2289,351,2355
2290,40,24
2291,41,24
2292,42,24
2293,101,59
2294,102,59
2295,126,73
2296,129,74
2297,102,89
2298,204,163
2299,208,167
2300,246,198
2301,257,211
2302,276,236
2303,278,236
2304,279,236
2305,297,266
2306,311,283
2307,312,283
2308,314,283
2309,319,304
2310,319,305
2311,321,311
2312,325,328
2313,332,328
2314,367,372
2315,328,374
2316,328,376
2317,328,377
2318,385,400
2319,386,400
2320,387,402
2321,387,404
2322,208,456
2323,208,458
2324,467,494
2325,478,515
2326,478,516
2327,481,520
2328,482,520
2329,484,521
2330,481,521
2331,102,524
2332,491,527
2333,500,537
2334,518,550
2335,521,552
2336,522,556
2337,532,556
2338,523,556
2339,511,556
2340,551,567
2341,252,569
2342,555,569
2343,204,573
2344,578,576
2345,407,577
2346,587,588
2347,397,589
2348,595,598
2349,596,598
2350,597,598
2351,598,598
2352,599,598
2353,604,603
2354,606,603
2355,607,603
2356,610,610
2357,609,610
2358,522,623
2359,619,623
2360,620,623
2361,522,624
2362,332,642
2363,644,657
2364,208,673
2365,102,676
2366,669,681
2367,679,692
2368,680,692
2369,129,698
2370,708,725
2371,730,750
2372,208,776
2373,742,777
2374,755,792
2375,295,807
2376,295,808
2377,208,811
2378,771,813
2379,669,820
2380,730,853
2381,799,854
2382,800,854
2383,814,876
2384,814,877
2385,815,877
2386,644,886
2387,257,888
2388,367,892
2389,824,893
2390,826,893
2391,832,904
2392,832,905
2393,832,906
2394,252,907
2395,738,910
2396,739,910
2397,834,913
2398,835,913
2399,499,914
2400,849,929
2401,877,967
2402,878,967
2403,887,988
2404,888,988
2405,893,997
2406,295,1018
2407,921,1025
2408,515,1052
2409,730,1086
2410,966,1109
2411,1007,1154
2412,468,1155
2413,377,1155
2414,153,1155
2415,467,1155
2416,463,1155
2417,469,1155
2418,464,1155
2419,1014,1163
2420,1015,1163
2421,669,1207
2422,208,1233
2423,204,1236
2424,1118,1272
2425,1002,1281
2426,1004,1281
2427,1132,1298
2428,101,1303
2429,1150,1345
2430,462,1356
2431,1164,1356
2432,1101,1356
2433,966,1376
2434,329,1388
2435,1203,1416
2436,204,1440
2437,738,1442
2438,755,1451
2439,1014,1451
2440,1222,1452
2441,521,1458
2442,1254,1509
2443,1255,1510
2444,1256,1510
2445,1282,1537
2446,1286,1539
2447,272,1539
2448,1281,1541
2449,1287,1541
2450,1281,1542
2451,1287,1542
2452,1288,1542
2453,1289,1542
2454,1285,1542
2455,1280,1542
2456,585,1542
2457,1300,1556
2458,1301,1556
2459,241,1563
2460,241,1570
2461,241,1607
2462,241,1608
2463,241,1610
2464,1311,1610
2465,518,1627
2466,208,1633
2467,1316,1637
2468,1320,1648
2469,1322,1653
2470,1320,1663
2471,1320,1664
2472,208,1671
2473,519,1679
2474,1320,1679
2475,367,1690
2476,1289,1691
2477,367,1691
2478,832,1721
2479,367,1723
2480,1375,1744
2481,1375,1745
2482,1379,1751
2483,1316,1762
2484,295,1764
2485,102,1781
2486,1402,1791
2487,1403,1791
2488,1404,1791
2489,1405,1791
2490,1411,1812
2491,521,1813
2492,129,1825
2493,257,1832
2494,1425,1866
2495,1434,1879
2496,1128,1900
2497,1439,1900
2498,257,1920
2499,1459,1936
2500,910,1949
2501,966,1959
2502,426,1984
2503,208,1984
2504,1474,1991
2505,51,1991
2506,1475,1991
2507,126,2043
2508,1532,2061
2509,355,2102
2510,332,2103
2511,1551,2103
2512,1532,2134
2513,1565,2134
2514,1532,2136
2515,1055,2147
2516,1054,2147
2517,890,2147
2518,1292,2147
2519,521,2160
2520,521,2161
2521,1577,2162
2522,521,2162
2523,1579,2168
2524,369,2168
2525,1580,2168
2526,1581,2168
2527,341,2168
2528,1191,2179
2529,1320,2183
2530,295,2192
2531,738,2202
2532,1596,2219
2533,473,2242
2534,1629,2284
2535,1630,2284
2536,1629,2286
2537,1630,2286
2538,1191,2291
2539,252,2307
2540,1639,2308
2541,482,2311
2542,1382,2313
2543,1640,2316
2544,1265,2329
2545,1641,2329
2546,1264,2329
2547,332,2329
2548,1642,2333
2549,353,2333
2550,1643,2333
2551,1645,2338
2552,849,2338
2553,1647,2342
2554,40,21
2555,41,21
2556,42,21
2557,40,22
2558,41,22
2559,42,22
2560,40,23
2561,41,23
2562,42,23
2563,51,27
2564,153,105
2565,153,106
2566,153,107
2567,241,192
2568,252,208
2569,272,227
2570,272,228
2571,272,229
2572,272,230
2573,272,237
2574,272,238
2575,272,239
2576,272,240
2577,272,242
2578,272,243
2579,40,257
2580,295,263
2581,272,264
2582,241,290
2583,319,303
2584,319,307
2585,321,312
2586,321,314
2587,321,317
2588,325,320
2589,325,321
2590,325,322
2591,325,323
2592,325,324
2593,328,324
2594,329,324
2595,325,325
2596,328,325
2597,325,326
2598,328,326
2599,325,329
2600,325,330
2601,325,331
2602,328,331
2603,272,333
2604,341,340
2605,341,341
2606,341,346
2607,341,349
2608,341,351
2609,353,356
2610,355,358
2611,355,359
2612,355,361
2613,321,369
2614,369,381
2615,328,384
2616,328,385
2617,353,391
2618,353,392
2619,40,393
2620,377,396
2621,387,401
2622,397,409
2623,295,417
2624,377,422
2625,407,432
2626,241,437
2627,426,455
2628,319,477
2629,241,479
2630,241,488
2631,462,489
2632,153,490
2633,463,490
2634,463,491
2635,464,491
2636,153,492
2637,463,492
2638,464,492
2639,377,493
2640,468,495
2641,469,495
2642,311,497
2643,467,500
2644,252,502
2645,473,504
2646,241,512
2647,241,513
2648,478,517
2649,367,519
2650,499,536
2651,511,543
2652,515,548
2653,519,551
2654,522,553
2655,523,553
2656,511,553
2657,353,574
2658,353,575
2659,272,584
2660,585,586
2661,515,590
2662,385,596
2663,609,608
2664,609,609
2665,610,614
2666,519,617
2667,40,636
2668,515,637
2669,519,644
2670,519,645
2671,272,647
2672,397,658
2673,241,666
2674,241,674
2675,609,696
2676,40,720
2677,730,749
2678,473,760
2679,738,762
2680,739,762
2681,738,763
2682,739,763
2683,367,772
2684,742,778
2685,742,779
2686,738,799
2687,739,799
2688,252,818
2689,101,838
2690,578,840
2691,153,851
2692,824,894
2693,824,895
2694,500,896
2695,500,900
2696,40,909
2697,597,927
2698,241,927
2699,473,940
2700,523,951
2701,295,952
2702,204,961
2703,272,979
2704,272,987
2705,890,993
2706,295,1002
2707,499,1015
2708,910,1015
2709,295,1035
2710,272,1042
2711,272,1043
2712,730,1083
2713,730,1084
2714,295,1097
2715,426,1098
2716,742,1103
2717,742,1112
2718,101,1115
2719,708,1132
2720,241,1149
2721,1002,1152
2722,1004,1152
2723,321,1166
2724,515,1169
2725,295,1178
2726,824,1179
2727,473,1184
2728,1054,1198
2729,1055,1198
2730,208,1214
2731,1101,1246
2732,321,1255
2733,101,1279
2734,1128,1288
2735,101,1294
2736,241,1305
2737,241,1306
2738,832,1312
2739,832,1313
2740,832,1315
2741,832,1316
2742,597,1331
2743,353,1341
2744,578,1348
2745,462,1352
2746,1101,1352
2747,1101,1353
2748,462,1354
2749,272,1363
2750,610,1368
2751,610,1393
2752,1191,1398
2753,1191,1399
2754,41,1414
2755,42,1414
2756,1004,1419
2757,849,1426
2758,708,1438
2759,738,1450
2760,739,1450
2761,467,1464
2762,511,1488
2763,515,1493
2764,241,1500
2765,1264,1517
2766,1265,1517
2767,620,1522
2768,353,1524
2769,1280,1530
2770,1280,1531
2771,1281,1536
2772,1285,1538
2773,1281,1540
2774,1287,1540
2775,585,1544
2776,1288,1544
2777,1281,1545
2778,252,1546
2779,1292,1546
2780,276,1566
2781,241,1571
2782,597,1572
2783,241,1572
2784,738,1573
2785,739,1573
2786,738,1574
2787,739,1574
2788,241,1592
2789,252,1600
2790,1292,1600
2791,241,1609
2792,518,1626
2793,644,1631
2794,1316,1639
2795,515,1655
2796,367,1680
2797,742,1704
2798,367,1709
2799,644,1710
2800,367,1724
2801,353,1741
2802,1382,1757
2803,295,1761
2804,241,1763
2805,523,1769
2806,511,1769
2807,499,1771
2808,738,1778
2809,739,1778
2810,644,1779
2811,519,1779
2812,252,1785
2813,1292,1785
2814,252,1787
2815,1292,1787
2816,515,1793
2817,499,1802
2818,499,1803
2819,101,1810
2820,849,1821
2821,153,1822
2822,595,1827
2823,353,1835
2824,426,1838
2825,295,1845
2826,679,1850
2827,578,1856
2828,511,1865
2829,523,1865
2830,241,1876
2831,1287,1888
2832,1287,1889
2833,1287,1890
2834,1287,1893
2835,1287,1894
2836,1287,1895
2837,523,1905
2838,511,1905
2839,355,1922
2840,1055,1930
2841,1292,1930
2842,1054,1931
2843,1055,1931
2844,252,1933
2845,353,1967
2846,521,1980
2847,1254,2037
2848,329,2059
2849,353,2065
2850,800,2108
2851,252,2145
2852,1292,2145
2853,252,2146
2854,1292,2146
2855,890,2148
2856,252,2149
2857,1292,2149
2858,1292,2150
2859,1292,2151
2860,522,2156
2861,597,2173
2862,325,2180
2863,51,2188
2864,369,2199
2865,738,2200
2866,469,2210
2867,468,2210
2868,500,2212
2869,532,2239
2870,1581,2260
2871,609,2265
2872,1055,2271
2873,742,2280
2874,426,2282
2875,1629,2287
2876,511,2304
2877,51,2314
2878,355,2318
2879,1434,2330
2880,578,2335
2881,272,2343
2882,353,2347
2883,619,2351
2884,43,21
2885,150,105
2886,150,106
2887,150,107
2888,242,192
2889,253,208
2890,242,290
2891,318,303
2892,324,320
2893,324,321
2894,326,322
2895,324,322
2896,326,323
2897,327,323
2898,324,324
2899,330,325
2900,324,326
2901,334,329
2902,335,330
2903,326,331
2904,339,340
2905,340,340
2906,339,341
2907,340,341
2908,339,346
2909,339,349
2910,339,351
2911,354,359
2912,354,361
2913,362,369
2914,371,384
2915,372,385
2916,375,391
2917,375,392
2918,374,392
2919,22,409
2920,23,409
2921,168,417
2922,374,432
2923,375,432
2924,242,437
2925,317,477
2926,242,479
2927,465,491
2928,466,491
2929,379,500
2930,253,502
2931,474,504
2932,242,512
2933,242,513
2934,323,517
2935,480,519
2936,498,536
2937,516,548
2938,520,551
2939,524,553
2940,586,586
2941,591,596
2942,520,644
2943,634,645
2944,636,647
2945,645,658
2946,646,658
2947,22,658
2948,373,666
2949,242,674
2950,689,696
2951,38,720
2952,729,749
2953,474,760
2954,743,778
2955,744,779
2956,601,840
2957,617,1002
2958,932,1043
2959,964,1103
2960,993,1132
2961,242,1149
2962,1003,1152
2963,1020,1178
2964,427,1214
2965,428,1214
2966,1073,1214
2967,1074,1214
2968,1075,1214
2969,936,1279
2970,22,1288
2971,242,1305
2972,1139,1316
2973,1145,1331
2974,601,1348
2975,1162,1354
2976,1163,1354
2977,1167,1368
2978,1167,1393
2979,1188,1393
2980,1190,1398
2981,1190,1399
2982,1071,1426
2983,1072,1426
2984,622,1438
2985,1057,1438
2986,1218,1438
2987,1226,1464
2988,1227,1464
2989,516,1493
2990,1266,1517
2991,1270,1522
2992,1283,1538
2993,1284,1538
2994,512,1538
2995,1284,1540
2996,1290,1544
2997,1291,1544
2998,242,1609
2999,286,1626
3000,1313,1626
3001,589,1631
3002,1100,1631
3003,1348,1710
3004,1356,1724
3005,1373,1741
3006,1374,1741
3007,1387,1769
3008,1393,1779
3009,516,1793
3010,1408,1802
3011,1409,1802
3012,1408,1803
3013,1409,1803
3014,1071,1821
3015,1072,1821
3016,1413,1827
3017,1326,1838
3018,1325,1838
3019,168,1845
3020,601,1856
3021,1387,1865
3022,1162,1876
3023,1457,1933
3024,1470,1967
3025,1471,1967
3026,315,2037
3027,1531,2059
3028,1457,2150
3029,1457,2151
3030,1582,2173
3031,1240,2212
3032,689,2265
3033,1620,2271
3034,1244,2271
3035,323,2282
3036,1325,2282
3037,1387,2304
3038,1636,2304
3039,1343,2314
3040,601,2335
3041,22,7
3042,23,7
3043,38,19
3044,38,20
3045,150,100
3046,150,101
3047,150,103
3048,150,104
3049,150,108
3050,150,109
3051,150,110
3052,150,111
3053,168,118
3054,168,120
3055,168,149
3056,168,150
3057,168,152
3058,168,153
3059,168,154
3060,168,155
3061,168,159
3062,286,254
3063,168,262
3064,168,277
3065,168,278
3066,168,284
3067,168,285
3068,168,286
3069,315,287
3070,168,288
3071,168,289
3072,317,299
3073,317,301
3074,168,308
3075,168,309
3076,168,310
3077,323,316
3078,324,319
3079,168,335
3080,168,336
3081,340,342
3082,340,343
3083,340,345
3084,339,347
3085,339,348
3086,339,350
3087,339,354
3088,340,355
3089,354,357
3090,354,360
3091,354,362
3092,340,363
3093,354,364
3094,340,365
3095,339,367
3096,168,380
3097,371,386
3098,371,387
3099,373,388
3100,371,388
3101,371,389
3102,374,390
3103,374,394
3104,379,398
3105,374,410
3106,38,428
3107,323,453
3108,427,457
3109,428,457
3110,379,499
3111,168,532
3112,286,540
3113,512,544
3114,520,582
3115,589,593
3116,601,599
3117,374,611
3118,617,620
3119,622,627
3120,512,640
3121,323,664
3122,601,683
3123,168,739
3124,168,740
3125,512,743
3126,512,744
3127,38,775
3128,150,860
3129,601,868
3130,168,887
3131,168,932
3132,512,944
3133,340,958
3134,315,1008
3135,589,1014
3136,428,1026
3137,427,1026
3138,168,1033
3139,168,1034
3140,936,1049
3141,617,1050
3142,326,1122
3143,601,1137
3144,38,1189
3145,1057,1201
3146,1071,1213
3147,1072,1213
3148,1100,1244
3149,168,1245
3150,242,1258
3151,1145,1332
3152,1071,1421
3153,1071,1422
3154,1071,1425
3155,1240,1492
3156,1244,1497
3157,1071,1513
3158,1072,1513
3159,340,1520
3160,168,1529
3161,242,1557
3162,379,1559
3163,22,1594
3164,373,1611
3165,589,1628
3166,1100,1629
3167,1100,1630
3168,1100,1632
3169,22,1634
3170,168,1647
3171,1325,1654
3172,1326,1654
3173,1188,1667
3174,315,1674
3175,1343,1696
3176,428,1699
3177,427,1699
3178,512,1727
3179,326,1747
3180,168,1760
3181,168,1767
3182,168,1772
3183,622,1784
3184,1057,1784
3185,334,1788
3186,1071,1796
3187,168,1870
3188,340,1934
3189,168,1961
3190,168,1972
3191,1244,2027
3192,1244,2029
3193,1244,2030
3194,1387,2047
3195,729,2070
3196,729,2071
3197,622,2073
3198,520,2076
3199,1471,2077
3200,168,2079
3201,22,2087
3202,23,2087
3203,22,2088
3204,323,2095
3205,512,2104
3206,520,2116
3207,520,2118
3208,634,2119
3209,1100,2127
3210,1162,2154
3211,1582,2169
3212,1582,2170
3213,1582,2171
3214,1582,2172
3215,1387,2193
3216,168,2207
3217,427,2238
3218,428,2238
3219,512,2262
3220,1620,2268
3221,1620,2269
3222,1620,2270
3223,1620,2273
3224,428,2274
3225,168,2289
3226,512,2299
3227,150,2334
3228,168,2344
3229,168,2346
3230,24,7
3231,39,19
3232,39,20
3233,152,103
3234,154,109
3235,155,110
3236,156,110
3237,154,111
3238,342,342
3239,338,343
3240,343,345
3241,338,345
3242,338,355
3243,356,362
3244,357,363
3245,358,363
3246,338,363
3247,343,365
3248,338,365
3249,380,398
3250,381,398
3251,39,428
3252,423,453
3253,380,499
3254,381,499
3255,504,540
3256,600,599
3257,564,620
3258,621,627
3259,600,683
3260,726,739
3261,806,868
3262,807,868
3263,872,958
3264,792,1008
3265,31,1050
3266,937,1050
3267,982,1122
3268,996,1137
3269,39,1189
3270,1209,1425
3271,1239,1492
3272,1241,1492
3273,1258,1513
3274,872,1520
3275,1302,1559
3276,380,1559
3277,381,1559
3278,1308,1594
3279,1312,1611
3280,1314,1634
3281,1323,1654
3282,1324,1654
3283,1344,1696
3284,1376,1747
3285,1377,1747
3286,1398,1788
3287,1399,1788
3288,1400,1788
3289,872,1934
3290,817,2073
3291,1535,2079
3292,24,2087
3293,24,2088
3294,1539,2095
3295,1552,2116
3296,1553,2116
3297,1312,2154
3298,1161,2154
3299,1621,2273
3300,1622,2274
3301,1644,2334
3302,1648,2344
3303,31,10
3304,338,338
3305,338,344
3306,338,366
3307,154,534
3308,152,535
3309,564,571
3310,423,652
3311,423,653
3312,600,785
3313,600,786
3314,600,787
3315,600,788
3316,792,837
3317,806,863
3318,807,863
3319,806,865
3320,807,865
3321,806,866
3322,807,866
3323,806,867
3324,807,867
3325,817,880
3326,564,964
3327,39,1007
3328,152,1061
3329,564,1128
3330,358,1136
3331,152,1168
3332,564,1206
3333,152,1334
3334,1161,1351
3335,152,1746
3336,564,1748
3337,152,1805
3338,982,1881
3339,982,1882
3340,982,1883
3341,982,1885
3342,564,1899
3343,806,1906
3344,807,1906
3345,152,1924
3346,1314,1997
3347,996,2078
3348,152,2264
3349,24,2327
3350,1324,2348
3351,1324,2350
3352,29,10
3353,30,10
3354,496,534
3355,497,534
3356,640,652
3357,640,653
3358,641,653
3359,752,786
3360,752,787
3361,805,863
3362,809,867
3363,818,880
3364,819,880
3365,820,880
3366,816,880
3367,821,880
3368,904,1007
3369,943,1061
3370,525,1136
3371,995,1136
3372,943,1168
3373,943,1334
3374,1321,1748
3375,809,1906
3376,943,1924
3377,943,2264
3378,33,2264
3379,1649,2348
3380,1649,2350
3381,33,12
3382,29,174
3383,30,174
3384,29,436
3385,525,554
3386,816,878
3387,816,879
3388,525,986
3389,525,999
3390,943,1167
3391,525,1499
3392,29,1525
3393,525,1534
3394,525,1535
3395,1321,1652
3396,640,1732
3397,805,1830
3398,29,1861
3399,29,1863
3400,29,1907
3401,29,1910
3402,30,1910
3403,525,2229
3404,1649,2352
3405,218,174
3406,219,174
3407,220,174
3408,221,174
3409,408,436
3410,526,554
3411,706,986
3412,526,999
3413,1245,1499
3414,1096,1830
3415,408,1861
3416,1424,1861
3417,408,1863
3418,408,1907
3419,1605,2229
3420,706,723
3421,706,1104
3422,526,1176
3423,706,1177
3424,1096,1241
3425,1096,1273
3426,1096,1489
3427,408,1860
3428,408,1862
3429,408,1909
3430,706,2230
3431,408,2241
3432,1245,2279
3433,1018,1176
3434,829,1176
3435,1019,1176
3436,546,1176
3437,1097,1241
3438,1119,1273
3439,1119,1489
3440,1423,1860
3441,1423,1862
3442,495,2241
3443,1624,2279
3444,1625,2279
3445,1306,2279
3446,495,533
3447,546,563
3448,495,708
3449,829,899
3450,546,1225
3451,546,1308
3452,546,1400
3453,546,1555
3454,1306,1569
3455,1019,1701
3456,546,2089
3457,546,2115
3458,1019,2277
3459,81,533
3460,80,533
3461,545,563
3462,547,563
3463,81,708
3464,80,708
3465,545,1308
3466,547,1308
3467,1192,1400
3468,545,1555
3469,1345,1701
3470,545,2089
3471,547,2089
3472,545,2115
3473,80,46
3474,81,46
3475,80,414
3476,80,433
3477,81,433
3478,80,688
3479,80,764
3480,80,1031
3481,80,1117
3482,81,1259
3483,80,1340
3484,80,1375
3485,81,1484
3486,80,1864
3487,80,2123
3488,81,2224
3489,81,2359
3490,78,46
3491,73,46
3492,79,46
3493,401,414
3494,271,433
3495,676,688
3496,93,688
3497,401,764
3498,196,1117
3499,1109,1259
3500,930,1259
3501,1172,1375
3502,1236,1484
3503,1237,1484
3504,930,1484
3505,1172,1864
3506,1556,2123
3507,84,2123
3508,930,2224
3509,73,40
3510,84,48
3511,93,53
3512,78,143
3513,79,143
3514,196,158
3515,84,170
3516,271,226
3517,196,379
3518,196,672
3519,73,757
3520,196,793
3521,271,934
3522,930,1037
3523,271,1048
3524,196,1059
3525,271,1075
3526,401,1107
3527,73,1175
3528,271,1228
3529,196,1278
3530,73,1402
3531,196,1550
3532,93,1554
3533,196,1783
3534,1109,1904
3535,930,1945
3536,401,1945
3537,930,1948
3538,930,1992
3539,401,1992
3540,196,2010
3541,676,2056
3542,79,2126
3543,78,2126
3544,930,2255
3545,401,2255
3546,78,2357
3547,71,40
3548,72,40
3549,83,48
3550,85,48
3551,92,53
3552,37,53
3553,72,143
3554,71,143
3555,197,158
3556,211,170
3557,270,226
3558,734,757
3559,144,757
3560,735,757
3561,757,793
3562,758,793
3563,270,934
3564,935,1048
3565,941,1059
3566,942,1059
3567,270,1075
3568,734,1175
3569,735,1175
3570,914,1175
3571,117,1228
3572,116,1228
3573,1124,1278
3574,1297,1550
3575,1259,1554
3576,1397,1783
3577,941,1783
3578,942,1783
3579,1443,1904
3580,140,1904
3581,1463,1945
3582,1464,1945
3583,914,1945
3584,914,1948
3585,378,2010
3586,144,2126
3587,869,2255
3588,1614,2255
3589,1173,2255
3590,37,18
3591,116,67
3592,117,67
3593,72,92
3594,140,93
3595,144,96
3596,71,142
3597,71,145
3598,140,147
3599,72,160
3600,144,220
3601,71,267
3602,140,272
3603,85,397
3604,378,397
3605,144,435
3606,144,464
3607,144,510
3608,116,545
3609,270,783
3610,144,791
3611,37,871
3612,83,871
3613,37,918
3614,144,938
3615,378,939
3616,869,955
3617,140,957
3618,140,965
3619,71,971
3620,144,974
3621,914,1019
3622,71,1024
3623,144,1057
3624,270,1094
3625,140,1156
3626,144,1252
3627,72,1266
3628,71,1266
3629,71,1269
3630,72,1269
3631,941,1282
3632,378,1290
3633,378,1293
3634,37,1311
3635,140,1327
3636,71,1328
3637,72,1328
3638,71,1329
3639,378,1343
3640,144,1373
3641,1173,1377
3642,197,1420
3643,140,1444
3644,71,1475
3645,378,1502
3646,37,1504
3647,1259,1515
3648,140,1521
3649,378,1588
3650,1259,1726
3651,378,1740
3652,116,1753
3653,140,1823
3654,942,1844
3655,941,1844
3656,71,1849
3657,378,2042
3658,144,2062
3659,1259,2105
3660,37,2174
3661,144,2225
3662,144,2247
3663,71,2294
3664,72,2294
3665,36,18
3666,134,92
3667,130,92
3668,145,96
3669,170,142
3670,169,145
3671,193,147
3672,133,160
3673,264,220
3674,145,220
3675,169,267
3676,299,267
3677,145,435
3678,431,464
3679,476,510
3680,747,783
3681,239,783
3682,112,791
3683,754,791
3684,145,791
3685,840,918
3686,841,918
3687,842,918
3688,745,938
3689,199,938
3690,398,939
3691,870,955
3692,871,955
3693,337,971
3694,228,971
3695,884,974
3696,269,974
3697,913,1019
3698,420,1057
3699,747,1094
3700,441,1094
3701,1008,1156
3702,1009,1156
3703,485,1156
3704,214,1156
3705,170,1266
3706,1115,1269
3707,1116,1269
3708,1125,1282
3709,1126,1282
3710,59,1290
3711,225,1293
3712,226,1293
3713,36,1311
3714,1138,1311
3715,1144,1328
3716,27,1329
3717,882,1343
3718,1171,1373
3719,447,1475
3720,239,1502
3721,728,1504
3722,1246,1504
3723,1247,1504
3724,1248,1504
3725,1260,1515
3726,225,1588
3727,47,1588
3728,1358,1726
3729,1359,1726
3730,133,1849
3731,1521,2042
3732,225,2042
3733,47,2042
3734,1216,2174
3735,1604,2225
3736,169,2294
3737,27,9
3738,47,26
3739,59,32
3740,47,52
3741,112,64
3742,130,83
3743,133,85
3744,134,85
3745,169,119
3746,170,119
3747,47,126
3748,47,130
3749,47,148
3750,199,161
3751,133,165
3752,112,168
3753,214,171
3754,59,172
3755,225,178
3756,226,178
3757,199,179
3758,228,180
3759,239,190
3760,269,225
3761,36,246
3762,36,261
3763,170,265
3764,47,273
3765,225,318
3766,337,334
3767,47,383
3768,47,406
3769,398,411
3770,199,431
3771,27,443
3772,420,445
3773,36,448
3774,420,460
3775,441,471
3776,447,476
3777,134,496
3778,59,501
3779,226,518
3780,214,522
3781,485,522
3782,485,547
3783,214,547
3784,134,634
3785,130,701
3786,59,733
3787,728,745
3788,225,753
3789,745,780
3790,485,794
3791,214,794
3792,745,800
3793,225,802
3794,47,803
3795,745,830
3796,169,850
3797,239,852
3798,239,861
3799,745,919
3800,145,920
3801,441,946
3802,59,953
3803,882,973
3804,485,981
3805,214,981
3806,27,989
3807,485,1003
3808,214,1003
3809,485,1009
3810,882,1044
3811,27,1046
3812,485,1051
3813,214,1051
3814,745,1058
3815,840,1074
3816,225,1143
3817,169,1147
3818,36,1159
3819,882,1165
3820,239,1174
3821,239,1195
3822,169,1204
3823,447,1204
3824,337,1232
3825,841,1248
3826,47,1261
3827,1115,1277
3828,882,1292
3829,882,1295
3830,199,1301
3831,1144,1330
3832,871,1339
3833,47,1362
3834,214,1367
3835,36,1379
3836,882,1395
3837,1216,1437
3838,47,1445
3839,1144,1455
3840,199,1478
3841,134,1490
3842,269,1506
3843,884,1506
3844,130,1508
3845,882,1551
3846,745,1565
3847,441,1568
3848,485,1595
3849,214,1595
3850,485,1656
3851,214,1656
3852,47,1725
3853,841,1739
3854,112,1780
3855,485,1782
3856,214,1782
3857,745,1786
3858,745,1829
3859,420,1847
3860,112,1855
3861,59,1884
3862,239,1886
3863,170,1912
3864,447,1912
3865,47,1937
3866,226,1940
3867,225,1940
3868,169,1957
3869,754,1957
3870,882,1960
3871,882,1989
3872,1009,1995
3873,225,2015
3874,59,2016
3875,225,2017
3876,225,2018
3877,420,2019
3878,59,2044
3879,239,2058
3880,884,2064
3881,269,2064
3882,112,2094
3883,745,2109
3884,745,2117
3885,882,2121
3886,47,2144
3887,239,2204
3888,47,2214
3889,47,2228
3890,199,2248
3891,871,2341
3892,28,9
3893,48,26
3894,49,26
3895,50,26
3896,60,32
3897,61,32
3898,91,52
3899,111,64
3900,113,64
3901,171,119
3902,173,126
3903,173,130
3904,198,161
3905,200,161
3906,212,171
3907,213,171
3908,89,171
3909,215,171
3910,227,179
3911,229,180
3912,143,180
3913,194,225
3914,237,261
3915,123,261
3916,159,265
3917,296,265
3918,305,273
3919,67,318
3920,336,334
3921,370,383
3922,284,411
3923,406,431
3924,405,443
3925,446,476
3926,56,522
3927,514,547
3928,513,547
3929,626,634
3930,91,753
3931,243,780
3932,296,794
3933,767,800
3934,67,802
3935,178,803
3936,843,919
3937,844,920
3938,883,973
3939,301,973
3940,513,981
3941,933,1044
3942,934,1044
3943,70,1051
3944,52,1051
3945,12,1143
3946,446,1147
3947,1013,1159
3948,1064,1204
3949,137,1232
3950,1122,1277
3951,1123,1277
3952,933,1292
3953,1129,1292
3954,1130,1295
3955,812,1295
3956,1134,1301
3957,245,1339
3958,237,1379
3959,1189,1395
3960,934,1395
3961,933,1395
3962,1215,1437
3963,273,1437
3964,302,1437
3965,1217,1437
3966,1025,1445
3967,260,1478
3968,1134,1478
3969,1065,1506
3970,1249,1506
3971,1250,1506
3972,1251,1506
3973,67,1508
3974,1303,1565
3975,97,1565
3976,1305,1568
3977,151,1595
3978,1099,1656
3979,949,1656
3980,1357,1725
3981,1394,1780
3982,1395,1782
3983,205,1782
3984,1396,1782
3985,67,1786
3986,243,1786
3987,1026,1829
3988,244,1829
3989,243,1829
3990,45,1847
3991,437,1847
3992,1420,1847
3993,1435,1884
3994,178,1937
3995,159,1957
3996,160,1957
3997,1476,1995
3998,907,1995
3999,67,2015
4000,67,2017
4001,67,2018
4002,187,2058
4003,1530,2058
4004,1570,2144
4005,432,2204
4006,32,2204
4007,1589,2228
4008,1117,2341
4009,12,3
4010,32,11
4011,45,25
4012,52,28
4013,56,30
4014,67,36
4015,70,39
4016,56,43
4017,89,51
4018,97,56
4019,123,70
4020,137,91
4021,143,95
4022,151,102
4023,159,113
4024,160,113
4025,49,116
4026,48,116
4027,28,123
4028,173,124
4029,173,125
4030,178,128
4031,173,128
4032,67,129
4033,173,131
4034,173,132
4035,173,133
4036,173,134
4037,67,135
4038,187,138
4039,123,141
4040,194,156
4041,205,164
4042,237,189
4043,198,191
4044,243,193
4045,67,193
4046,244,193
4047,245,194
4048,151,195
4049,67,201
4050,12,206
4051,151,207
4052,260,213
4053,123,215
4054,12,223
4055,273,231
4056,245,232
4057,178,233
4058,67,241
4059,273,244
4060,245,245
4061,243,250
4062,244,250
4063,159,251
4064,284,252
4065,301,269
4066,137,270
4067,273,270
4068,97,270
4069,302,270
4070,273,271
4071,56,418
4072,405,427
4073,245,429
4074,159,438
4075,160,438
4076,194,442
4077,336,444
4078,70,446
4079,91,447
4080,52,450
4081,91,459
4082,28,461
4083,212,463
4084,432,465
4085,91,465
4086,437,467
4087,91,468
4088,245,470
4089,89,473
4090,296,508
4091,178,523
4092,405,528
4093,370,528
4094,513,546
4095,514,546
4096,12,549
4097,187,585
4098,151,650
4099,97,655
4100,178,675
4101,67,693
4102,143,761
4103,89,773
4104,89,774
4105,67,781
4106,151,804
4107,273,826
4108,67,831
4109,194,834
4110,28,836
4111,113,849
4112,812,875
4113,336,930
4114,205,931
4115,178,931
4116,97,943
4117,243,954
4118,123,969
4119,301,976
4120,143,980
4121,243,1001
4122,67,1001
4123,907,1010
4124,514,1022
4125,301,1041
4126,949,1068
4127,187,1070
4128,143,1076
4129,229,1092
4130,934,1127
4131,67,1138
4132,260,1160
4133,1025,1185
4134,1026,1186
4135,1065,1205
4136,12,1229
4137,49,1235
4138,244,1239
4139,243,1239
4140,67,1239
4141,1099,1243
4142,56,1260
4143,194,1262
4144,194,1263
4145,243,1264
4146,1117,1270
4147,28,1280
4148,243,1284
4149,194,1296
4150,933,1342
4151,178,1347
4152,301,1366
4153,143,1378
4154,1099,1387
4155,1134,1415
4156,405,1424
4157,301,1427
4158,883,1427
4159,934,1433
4160,844,1446
4161,432,1454
4162,934,1459
4163,1189,1459
4164,933,1459
4165,301,1463
4166,1099,1494
4167,237,1511
4168,194,1528
4169,1251,1567
4170,1134,1640
4171,187,1641
4172,28,1646
4173,137,1650
4174,405,1651
4175,949,1657
4176,514,1682
4177,513,1682
4178,244,1689
4179,933,1693
4180,301,1697
4181,446,1712
4182,883,1712
4183,301,1730
4184,1215,1735
4185,336,1754
4186,1099,1770
4187,432,1828
4188,514,1836
4189,883,1848
4190,301,1848
4191,97,1854
4192,194,1857
4193,89,1867
4194,301,1880
4195,1099,1923
4196,50,1925
4197,97,1927
4198,301,1938
4199,767,1938
4200,405,1939
4201,159,1942
4202,160,1942
4203,243,1947
4204,229,1952
4205,28,1963
4206,446,1988
4207,60,1990
4208,61,1990
4209,301,1998
4210,284,2007
4211,194,2007
4212,1130,2023
4213,28,2024
4214,336,2040
4215,883,2049
4216,301,2049
4217,1065,2052
4218,1065,2053
4219,67,2054
4220,949,2055
4221,159,2067
4222,171,2067
4223,301,2069
4224,767,2069
4225,97,2075
4226,237,2091
4227,123,2093
4228,178,2113
4229,70,2128
4230,1530,2130
4231,45,2187
4232,1589,2206
4233,67,2208
4234,205,2211
4235,301,2246
4236,91,2258
4237,50,2283
4238,301,2288
4239,143,2303
4240,123,2320
4241,12,2332
4242,143,2358
4243,10,3
4244,11,3
4245,13,3
4246,46,25
4247,90,51
4248,138,91
4249,139,91
4250,142,95
4251,166,116
4252,174,124
4253,175,125
4254,176,125
4255,177,128
4256,177,131
4257,177,132
4258,179,134
4259,180,134
4260,186,138
4261,188,138
4262,238,189
4263,142,191
4264,240,191
4265,251,206
4266,266,223
4267,267,223
4268,268,223
4269,283,251
4270,285,252
4271,125,252
4272,303,271
4273,304,271
4274,417,442
4275,418,444
4276,419,444
4277,421,447
4278,148,459
4279,422,461
4280,430,463
4281,438,468
4282,439,468
4283,254,470
4284,440,470
4285,255,470
4286,90,473
4287,444,473
4288,475,508
4289,486,523
4290,487,523
4291,488,523
4292,493,528
4293,10,549
4294,13,549
4295,638,650
4296,642,655
4297,643,655
4298,142,761
4299,737,761
4300,55,761
4301,90,773
4302,139,773
4303,768,804
4304,769,804
4305,791,836
4306,797,849
4307,813,875
4308,850,931
4309,851,931
4310,852,931
4311,853,931
4312,867,954
4313,868,954
4314,886,980
4315,96,980
4316,905,1010
4317,906,1010
4318,920,1022
4319,797,1068
4320,637,1068
4321,948,1068
4322,951,1070
4323,697,1076
4324,955,1076
4325,142,1076
4326,987,1127
4327,1024,1185
4328,265,1185
4329,1027,1186
4330,1028,1186
4331,1066,1205
4332,13,1229
4333,1098,1243
4334,867,1264
4335,82,1280
4336,748,1284
4337,867,1284
4338,797,1342
4339,146,1342
4340,142,1378
4341,240,1378
4342,285,1378
4343,148,1387
4344,1180,1387
4345,1181,1387
4346,1182,1387
4347,306,1424
4348,665,1446
4349,1242,1494
4350,1257,1511
4351,1304,1567
4352,422,1646
4353,1327,1657
4354,920,1682
4355,987,1693
4356,1350,1712
4357,736,1754
4358,1388,1770
4359,275,1770
4360,274,1770
4361,1414,1828
4362,1416,1836
4363,1422,1854
4364,55,1854
4365,90,1867
4366,1426,1867
4367,195,1923
4368,1454,1923
4369,1455,1923
4370,1456,1923
4371,1252,1927
4372,280,1947
4373,1465,1952
4374,8,1963
4375,1480,1998
4376,1452,2023
4377,1511,2024
4378,736,2040
4379,1519,2040
4380,1525,2049
4381,1528,2054
4382,1529,2055
4383,948,2055
4384,811,2055
4385,1533,2069
4386,1534,2075
4387,236,2075
4388,797,2091
4389,774,2113
4390,773,2113
4391,1467,2130
4392,1560,2130
4393,1586,2187
4394,119,2208
4395,1590,2208
4396,1592,2211
4397,1593,2211
4398,141,2246
4399,1631,2288
4400,142,2303
4401,10,2332
4402,142,2358
4403,8,2
4404,55,29
4405,46,45
4406,82,47
4407,82,49
4408,96,55
4409,119,68
4410,125,72
4411,141,94
4412,146,97
4413,148,98
4414,177,127
4415,148,139
4416,195,157
4417,236,187
4418,254,209
4419,255,209
4420,8,209
4421,240,216
4422,119,221
4423,265,222
4424,265,224
4425,96,234
4426,274,235
4427,275,235
4428,280,247
4429,306,274
4430,195,276
4431,82,339
4432,82,419
4433,96,430
4434,166,441
4435,422,449
4436,142,462
4437,637,649
4438,240,670
4439,665,677
4440,82,707
4441,697,710
4442,697,711
4443,697,715
4444,736,758
4445,96,759
4446,748,784
4447,440,816
4448,255,816
4449,773,816
4450,774,816
4451,280,824
4452,8,827
4453,267,828
4454,439,835
4455,768,856
4456,769,856
4457,146,870
4458,274,872
4459,811,873
4460,275,937
4461,254,941
4462,255,941
4463,240,978
4464,774,1016
4465,493,1039
4466,146,1047
4467,148,1069
4468,265,1091
4469,55,1146
4470,195,1171
4471,148,1172
4472,267,1190
4473,119,1210
4474,96,1215
4475,254,1226
4476,440,1226
4477,255,1226
4478,148,1227
4479,850,1231
4480,148,1267
4481,905,1310
4482,82,1317
4483,141,1320
4484,736,1321
4485,96,1326
4486,736,1349
4487,142,1357
4488,240,1357
4489,768,1397
4490,769,1397
4491,195,1413
4492,82,1431
4493,769,1441
4494,768,1441
4495,82,1461
4496,797,1482
4497,254,1486
4498,96,1495
4499,1252,1507
4500,82,1593
4501,274,1695
4502,119,1700
4503,274,1713
4504,274,1714
4505,280,1755
4506,265,1797
4507,82,1797
4508,179,1807
4509,180,1807
4510,748,1820
4511,236,1824
4512,240,1834
4513,236,1887
4514,791,1911
4515,55,1911
4516,1452,1919
4517,240,1944
4518,768,1950
4519,1467,1953
4520,773,1956
4521,195,1958
4522,475,1968
4523,1422,1999
4524,769,2000
4525,493,2008
4526,238,2014
4527,82,2021
4528,493,2060
4529,737,2063
4530,179,2081
4531,180,2081
4532,138,2090
4533,139,2090
4534,236,2107
4535,797,2110
4536,240,2132
4537,1422,2132
4538,142,2132
4539,254,2178
4540,255,2178
4541,254,2182
4542,255,2182
4543,119,2184
4544,1426,2186
4545,267,2194
4546,8,2194
4547,274,2203
4548,280,2213
4549,1465,2215
4550,179,2218
4551,251,2253
4552,9,2
4553,53,29
4554,54,29
4555,77,45
4556,118,68
4557,120,68
4558,121,68
4559,124,72
4560,147,97
4561,189,139
4562,21,216
4563,120,221
4564,58,224
4565,281,247
4566,307,276
4567,256,419
4568,172,430
4569,416,441
4570,322,441
4571,57,449
4572,58,449
4573,14,449
4574,15,449
4575,429,462
4576,261,649
4577,65,649
4578,124,670
4579,664,677
4580,696,710
4581,696,711
4582,68,715
4583,696,715
4584,749,784
4585,750,784
4586,751,784
4587,787,824
4588,470,824
4589,788,828
4590,789,828
4591,786,835
4592,86,870
4593,147,870
4594,810,873
4595,694,937
4596,210,941
4597,911,1016
4598,74,1039
4599,86,1047
4600,147,1047
4601,950,1069
4602,1016,1172
4603,120,1210
4604,1088,1226
4605,1089,1227
4606,1090,1227
4607,892,1227
4608,1091,1227
4609,950,1267
4610,105,1267
4611,15,1320
4612,14,1320
4613,1140,1321
4614,1143,1326
4615,172,1326
4616,1140,1349
4617,1146,1397
4618,1202,1413
4619,1225,1461
4620,161,1486
4621,1238,1486
4622,1253,1507
4623,120,1700
4624,118,1700
4625,938,1713
4626,1351,1713
4627,1352,1714
4628,1351,1714
4629,1380,1755
4630,1381,1755
4631,795,1807
4632,1412,1820
4633,749,1820
4634,1415,1834
4635,1447,1911
4636,1448,1911
4637,1451,1919
4638,1462,1944
4639,838,1950
4640,1466,1953
4641,1469,1958
4642,75,1999
4643,1481,1999
4644,74,2008
4645,1508,2014
4646,1339,2014
4647,74,2060
4648,751,2060
4649,1536,2081
4650,1450,2110
4651,404,2184
4652,1584,2184
4653,1585,2186
4654,1588,2203
4655,124,2215
4656,1594,2215
4657,1595,2218
4658,115,2218
4659,14,4
4660,15,4
4661,21,6
4662,57,31
4663,58,31
4664,65,35
4665,68,37
4666,74,42
4667,75,44
4668,86,50
4669,105,62
4670,115,66
4671,68,71
4672,53,86
4673,58,87
4674,68,87
4675,53,112
4676,161,114
4677,161,117
4678,74,121
4679,172,122
4680,74,140
4681,74,146
4682,172,151
4683,210,169
4684,58,197
4685,256,210
4686,261,214
4687,65,214
4688,105,218
4689,210,248
4690,74,253
4691,322,313
4692,86,315
4693,404,421
4694,74,434
4695,261,469
4696,15,472
4697,58,478
4698,404,481
4699,404,482
4700,404,483
4701,429,484
4702,470,498
4703,57,503
4704,58,503
4705,115,505
4706,115,687
4707,429,689
4708,429,691
4709,694,706
4710,115,765
4711,786,823
4712,172,825
4713,21,833
4714,15,839
4715,795,841
4716,77,897
4717,256,898
4718,838,917
4719,105,933
4720,172,960
4721,892,996
4722,58,1012
4723,938,1055
4724,105,1071
4725,429,1124
4726,74,1126
4727,58,1161
4728,68,1182
4729,74,1211
4730,121,1230
4731,68,1238
4732,892,1265
4733,115,1287
4734,938,1297
4735,261,1309
4736,65,1309
4737,404,1325
4738,1146,1333
4739,58,1337
4740,1146,1396
4741,105,1407
4742,694,1428
4743,21,1447
4744,404,1466
4745,161,1479
4746,105,1505
4747,786,1512
4748,58,1547
4749,161,1599
4750,470,1635
4751,787,1635
4752,68,1642
4753,1339,1684
4754,161,1685
4755,261,1711
4756,65,1711
4757,14,1717
4758,15,1717
4759,210,1759
4760,124,1815
4761,57,1859
4762,58,1859
4763,1450,1913
4764,58,1914
4765,1451,1915
4766,1451,1916
4767,1451,1917
4768,1451,1926
4769,57,1943
4770,58,1943
4771,105,1954
4772,15,1964
4773,14,1964
4774,57,1969
4775,58,1969
4776,892,1973
4777,1091,1973
4778,58,1985
4779,210,1993
4780,1351,1996
4781,256,2006
4782,65,2013
4783,261,2013
4784,58,2022
4785,1381,2041
4786,1380,2041
4787,429,2057
4788,58,2066
4789,1380,2111
4790,210,2129
4791,210,2135
4792,15,2216
4793,1146,2226
4794,57,2231
4795,58,2231
4796,86,2245
4797,1140,2275
4798,787,2340
4799,16,4
4800,17,4
4801,66,35
4802,76,44
4803,87,50
4804,88,50
4805,106,62
4806,107,62
4807,108,62
4808,114,66
4809,135,87
4810,157,112
4811,158,112
4812,167,117
4813,136,140
4814,192,146
4815,135,197
4816,262,214
4817,192,434
4818,442,472
4819,443,472
4820,448,481
4821,449,481
4822,448,482
4823,449,482
4824,448,483
4825,449,483
4826,450,484
4827,471,498
4828,472,498
4829,675,687
4830,677,689
4831,185,689
4832,678,691
4833,790,833
4834,793,839
4835,794,841
4836,796,841
4837,827,897
4838,828,897
4839,839,917
4840,939,1055
4841,106,1071
4842,107,1071
4843,952,1071
4844,100,1126
4845,986,1126
4846,1021,1182
4847,192,1211
4848,262,1230
4849,1092,1230
4850,1093,1238
4851,1094,1238
4852,1110,1265
4853,1111,1265
4854,1112,1265
4855,1113,1265
4856,1127,1287
4857,1131,1297
4858,1142,1325
4859,449,1325
4860,793,1407
4861,1210,1428
4862,1211,1428
4863,409,1447
4864,106,1505
4865,107,1505
4866,63,1512
4867,1310,1599
4868,20,1635
4869,1338,1684
4870,1349,1711
4871,109,1717
4872,1449,1913
4873,250,1926
4874,106,1954
4875,107,1954
4876,1468,1954
4877,1477,1996
4878,1478,1996
4879,1479,1996
4880,262,2013
4881,1507,2013
4882,1510,2022
4883,1520,2041
4884,223,2275
4885,1646,2340
4886,20,5
4887,63,34
4888,100,58
4889,109,63
4890,136,88
4891,136,90
4892,185,137
4893,63,175
4894,223,176
4895,185,188
4896,157,196
4897,250,205
4898,109,268
4899,114,275
4900,63,291
4901,409,439
4902,185,690
4903,109,712
4904,109,713
4905,223,719
4906,677,738
4907,106,754
4908,250,956
4909,106,984
4910,17,990
4911,16,990
4912,100,1027
4913,167,1054
4914,136,1056
4915,157,1173
4916,167,1286
4917,16,1335
4918,17,1335
4919,157,1439
4920,157,1477
4921,158,1477
4922,106,1503
4923,185,1698
4924,448,1853
4925,87,2002
4926,114,2254
4927,1113,2319
4928,18,5
4929,19,5
4930,64,34
4931,99,58
4932,110,63
4933,98,137
4934,222,176
4935,300,268
4936,110,712
4937,110,713
4938,69,719
4939,703,719
4940,724,738
4941,725,738
4942,733,754
4943,740,956
4944,433,990
4945,436,990
4946,922,1027
4947,940,1056
4948,1017,1173
4949,433,1335
4950,703,1439
4951,1421,1853
4952,703,1853
4953,69,38
4954,64,41
4955,98,57
4956,98,61
4957,98,65
4958,98,199
4959,69,403
4960,433,466
4961,436,466
4962,69,531
4963,222,671
4964,740,767
4965,433,1250
4966,436,1250
4967,222,1283
4968,64,1552
4969,703,1649
4970,98,1986
4971,69,2106
4972,64,2122
4973,703,2240
4974,388,403
4975,434,466
4976,435,466
4977,216,531
4978,434,1250
4979,1103,1250
4980,1298,1552
4981,1299,1552
4982,216,173
4983,216,249
4984,1299,2051
4985,1103,2336
4986,1299,2354
4987,1298,2354
4988,217,173
4989,282,249
4990,1527,2051
