1,1,1031
2,1,1208
3,1,1223
4,1,1431
5,1,1445
6,1,1607
7,1,1608
8,1,1609
9,1,1610
10,1,1611
11,1,1612
12,1,1615
13,1,1616
14,1,2
15,1,234
16,1,3
17,1,363
18,1,4
19,1,5
20,1,556
21,1,563
22,1,6
23,1,602
24,1,627
25,1,682
26,1,7
27,1,766
28,1,854
29,1,855
30,1,856
31,1,917
32,1,931
33,1,975
34,1,979
35,1,981
36,10,11
37,10,12
38,10,13
39,100,922
40,100,986
41,1000,1061
42,1000,1120
43,1001,1135
44,1002,1003
45,1002,1004
46,1003,1004
47,1005,1006
48,1005,1068
49,1005,1151
50,1005,1152
51,1005,1153
52,1005,1154
53,1005,1155
54,1005,1156
55,1005,1157
56,1005,1158
57,1005,1159
58,1005,1160
59,1008,1009
60,1009,1476
61,101,1001
62,101,102
63,101,103
64,101,936
65,1010,1056
66,1010,1518
67,1010,1633
68,1011,1012
69,1011,1068
70,1011,1206
71,1011,1293
72,1011,1294
73,1011,1295
74,1011,1296
75,1012,1214
76,1014,1015
77,1018,1019
78,1019,1345
79,102,103
80,1022,1023
81,1022,1095
82,1024,1025
83,1026,1027
84,1026,1028
85,1027,1028
86,1029,1030
87,1029,1031
88,1029,1032
89,103,1282
90,103,582
91,1030,1031
92,1030,1032
93,1031,1032
94,1031,1208
95,1031,1431
96,1031,1445
97,1031,1610
98,1031,1611
99,1031,1612
100,1031,1615
101,1031,1616
102,1033,1034
103,1033,1035
104,1033,1036
105,1033,1037
106,1033,1038
107,1033,1039
108,1033,1040
109,1033,1041
110,1033,1042
111,1033,1043
112,1033,1044
113,1033,1048
114,1033,1049
115,1033,1050
116,1033,1051
117,1034,1035
118,1034,1036
119,1034,1037
120,1034,1038
121,1034,1039
122,1035,1036
123,1035,1037
124,1035,1038
125,1035,1039
126,1035,1040
127,1035,1041
128,1035,1042
129,1035,1043
130,1035,1044
131,1035,1045
132,1035,1046
133,1035,1047
134,1036,1037
135,1036,1038
136,1036,1039
137,1036,1040
138,1036,1041
139,1036,1042
140,1036,1043
141,1036,1044
142,1037,1038
143,1037,1039
144,1038,1039
145,104,349
146,104,350
147,104,351
148,104,352
149,104,663
150,104,994
151,1040,1041
152,1040,1042
153,1040,1043
154,1040,1044
155,1041,1042
156,1041,1043
157,1041,1044
158,1041,1045
159,1041,1046
160,1041,1047
161,1042,1043
162,1042,1044
163,1043,1044
164,1045,1046
165,1045,1047
166,1046,1047
167,1048,1049
168,1048,1050
169,1048,1051
170,1049,1050
171,1049,1051
172,105,106
173,105,107
174,105,108
175,105,1468
176,105,148
177,105,793
178,105,950
179,105,952
180,1050,1051
181,1050,1442
182,1050,1540
183,1050,1541
184,1050,1542
185,1050,1543
186,1050,1544
187,1050,1545
188,1050,1546
189,1052,1053
190,1054,1055
191,1054,1292
192,1055,1244
193,1055,1292
194,1055,1620
195,1056,1518
196,1056,1633
197,1056,1647
198,1057,1218
199,1058,1059
200,1058,1060
201,1058,1061
202,1058,1062
203,1058,1063
204,1058,1212
205,1059,1060
206,1059,1061
207,1059,1062
208,1059,1063
209,1059,1212
210,106,107
211,106,108
212,106,1468
213,106,733
214,106,952
215,1060,1061
216,1060,1062
217,1060,1063
218,1061,1062
219,1061,1063
220,1061,1081
221,1061,1120
222,1061,1261
223,1061,1262
224,1061,1263
225,1061,1279
226,1061,1367
227,1061,1368
228,1061,1369
229,1061,1370
230,1061,1371
231,1061,1372
232,1062,1063
233,1062,1233
234,1062,1317
235,1062,1417
236,1065,1066
237,1065,1249
238,1065,1250
239,1065,1251
240,1067,1068
241,1067,1170
242,1067,1174
243,1067,1175
244,1067,1219
245,1067,1220
246,1067,1342
247,1068,1151
248,1068,1152
249,1068,1153
250,1068,1154
251,1068,1155
252,1068,1156
253,1068,1157
254,1068,1158
255,1068,1159
256,1068,1160
257,1068,1206
258,1068,1293
259,1068,1294
260,1068,1295
261,1068,1296
262,1069,1070
263,107,108
264,107,1468
265,107,952
266,1071,1072
267,1071,1209
268,1071,1258
269,1072,1258
270,1073,1074
271,1073,1075
272,1074,1075
273,1076,1077
274,1076,1512
275,1076,1513
276,1077,1078
277,1078,1114
278,1078,1234
279,1078,1235
280,1079,1623
281,1080,1081
282,1080,1082
283,1080,1083
284,1080,1084
285,1080,1085
286,1080,1086
287,1080,1087
288,1081,1082
289,1081,1083
290,1081,1084
291,1081,1085
292,1081,1086
293,1081,1087
294,1081,1136
295,1081,1137
296,1081,1261
297,1081,1262
298,1081,1263
299,1081,1272
300,1081,1360
301,1081,1365
302,1082,1083
303,1082,1084
304,1082,1085
305,1082,1086
306,1082,1087
307,1083,1084
308,1083,1085
309,1083,1086
310,1083,1087
311,1084,1085
312,1084,1086
313,1084,1087
314,1085,1086
315,1085,1087
316,1086,1087
317,1089,1090
318,1089,1091
319,109,110
320,109,300
321,1090,1091
322,1093,1094
323,1096,1097
324,1096,1119
325,1098,1099
326,1099,1180
327,1099,1181
328,1099,1182
329,1099,1242
330,1099,1388
331,1099,1454
332,1099,1455
333,1099,1456
334,11,12
335,11,13
336,1101,1164
337,1104,1150
338,1105,1106
339,1105,1107
340,1105,1108
341,1106,1107
342,1106,1108
343,1107,1108
344,1109,1443
345,111,112
346,111,113
347,1110,1111
348,1110,1112
349,1110,1113
350,1111,1112
351,1111,1113
352,1112,1113
353,1114,1121
354,1114,1234
355,1114,1235
356,1115,1116
357,1115,1122
358,1115,1123
359,112,113
360,112,1394
361,112,144
362,112,145
363,112,754
364,1120,1279
365,1122,1123
366,1125,1126
367,1128,1439
368,113,797
369,1130,1452
370,1133,1289
371,1133,1353
372,1133,1389
373,1133,1390
374,1133,1391
375,1133,1434
376,1136,1137
377,1136,1184
378,1136,1185
379,1136,1186
380,1136,1187
381,1137,1518
382,1137,1571
383,1137,1572
384,1137,1619
385,114,115
386,1147,1148
387,1147,1149
388,1148,1149
389,115,1127
390,115,1595
391,115,179
392,115,675
393,1151,1152
394,1151,1153
395,1151,1154
396,1151,1155
397,1151,1156
398,1151,1157
399,1151,1158
400,1151,1159
401,1151,1160
402,1152,1153
403,1152,1154
404,1152,1155
405,1152,1156
406,1152,1157
407,1152,1158
408,1152,1159
409,1152,1160
410,1153,1154
411,1153,1155
412,1153,1156
413,1153,1157
414,1153,1158
415,1153,1159
416,1153,1160
417,1154,1155
418,1154,1156
419,1154,1157
420,1154,1158
421,1154,1159
422,1154,1160
423,1155,1156
424,1155,1157
425,1155,1158
426,1155,1159
427,1155,1160
428,1156,1157
429,1156,1158
430,1156,1159
431,1156,1160
432,1157,1158
433,1157,1159
434,1157,1160
435,1158,1159
436,1158,1160
437,1159,1160
438,116,117
439,116,271
440,1161,1162
441,1161,1312
442,1162,1163
443,1162,1312
444,1165,1166
445,1165,1196
446,1166,1196
447,1167,1188
448,1168,1169
449,1168,1170
450,1169,1170
451,117,271
452,1170,1219
453,1170,1220
454,1173,1614
455,1174,1175
456,1174,1219
457,1174,1561
458,1174,1562
459,1174,1563
460,1177,1178
461,1177,1179
462,1178,1179
463,118,119
464,118,120
465,118,121
466,1180,1181
467,1180,1182
468,1181,1182
469,1184,1185
470,1184,1186
471,1184,1187
472,1185,1186
473,1185,1187
474,1186,1187
475,119,120
476,119,121
477,119,1584
478,119,1590
479,119,404
480,1190,1191
481,1191,1473
482,1193,1194
483,1193,1360
484,1193,1410
485,1197,1198
486,1197,1199
487,1197,1200
488,1197,1201
489,1198,1199
490,1198,1200
491,1198,1201
492,1199,1200
493,1199,1201
494,1199,1222
495,12,13
496,12,225
497,12,251
498,12,266
499,12,267
500,12,268
501,120,121
502,1200,1201
503,1205,1206
504,1205,1223
505,1205,1224
506,1206,1293
507,1206,1294
508,1206,1295
509,1206,1296
510,1207,1208
511,1208,1213
512,1208,1214
513,1208,1223
514,1208,1228
515,1208,1229
516,1208,1230
517,1208,1328
518,1208,1329
519,1208,1330
520,1208,1331
521,1208,1332
522,1208,1333
523,1208,1431
524,1208,1445
525,1208,1574
526,1208,1607
527,1208,1608
528,1208,1609
529,1208,1610
530,1208,1611
531,1208,1612
532,1208,1613
533,1208,1615
534,1208,1616
535,121,1092
536,121,262
537,1210,1211
538,1213,1214
539,1213,1442
540,1215,1216
541,1215,1217
542,1216,1217
543,1219,1220
544,1219,1561
545,1219,1562
546,1219,1563
547,122,460
548,122,799
549,122,800
550,122,801
551,122,814
552,122,815
553,122,895
554,1220,1342
555,1223,1224
556,1223,1607
557,1223,1608
558,1223,1609
559,1223,1610
560,1226,1227
561,1228,1229
562,1228,1230
563,1229,1230
564,123,237
565,1231,1232
566,1233,1317
567,1233,1417
568,1234,1235
569,1235,1300
570,1235,1301
571,1236,1237
572,1239,1240
573,1239,1241
574,124,125
575,124,1465
576,124,1594
577,124,240
578,1240,1241
579,1244,1620
580,1245,1306
581,1245,1624
582,1245,1625
583,1246,1247
584,1246,1248
585,1247,1248
586,1249,1250
587,1249,1251
588,125,284
589,125,285
590,1250,1251
591,1251,1304
592,1252,1253
593,1255,1256
594,1259,1260
595,1259,1358
596,1259,1359
597,126,127
598,1261,1262
599,1261,1263
600,1262,1263
601,1264,1265
602,1264,1266
603,1264,1641
604,1265,1266
605,1265,1641
606,1267,1268
607,127,128
608,127,129
609,127,588
610,127,967
611,1271,1272
612,1271,1273
613,1271,1274
614,1271,1275
615,1271,1276
616,1271,1277
617,1271,1278
618,1272,1273
619,1272,1274
620,1272,1275
621,1272,1276
622,1272,1277
623,1272,1278
624,1272,1360
625,1272,1365
626,1273,1274
627,1273,1275
628,1273,1276
629,1273,1277
630,1273,1278
631,1274,1275
632,1274,1276
633,1274,1277
634,1274,1278
635,1275,1276
636,1275,1277
637,1275,1278
638,1276,1277
639,1276,1278
640,1277,1278
641,128,129
642,128,588
643,128,967
644,1280,1281
645,1280,1285
646,1280,1287
647,1280,1288
648,1280,1289
649,1281,1284
650,1281,1285
651,1281,1287
652,1281,1288
653,1281,1289
654,1283,1284
655,1283,1285
656,1284,1285
657,1284,1287
658,1285,1287
659,1285,1288
660,1285,1289
661,1287,1288
662,1287,1289
663,1288,1289
664,1288,1290
665,1288,1291
666,1290,1291
667,1292,1457
668,1293,1294
669,1293,1295
670,1293,1296
671,1294,1295
672,1294,1296
673,1295,1296
674,1298,1299
675,1299,1527
676,130,134
677,1300,1301
678,1306,1624
679,1306,1625
680,131,132
681,131,1366
682,131,1634
683,131,1635
684,131,294
685,131,344
686,131,364
687,131,399
688,131,415
689,131,451
690,131,452
691,131,453
692,131,454
693,131,455
694,131,456
695,131,457
696,131,458
697,131,459
698,131,460
699,131,461
700,131,763
701,131,764
702,131,765
703,131,766
704,131,925
705,131,926
706,131,927
707,131,928
708,131,929
709,1315,1316
710,1315,1341
711,1315,1401
712,1315,1482
713,1315,1483
714,1315,1484
715,1315,1485
716,1315,1486
717,1315,1487
718,1315,1488
719,1315,1489
720,1315,1490
721,1315,1491
722,1315,1492
723,1315,1493
724,1315,1494
725,1315,1495
726,1315,1496
727,1315,1497
728,1315,1498
729,1315,1499
730,1315,1500
731,1315,1501
732,1315,1502
733,1315,1503
734,1315,1504
735,1315,1505
736,1317,1318
737,1317,1417
738,132,1011
739,132,1012
740,132,294
741,132,344
742,132,364
743,132,399
744,132,410
745,132,411
746,132,412
747,132,413
748,132,414
749,132,415
750,132,451
751,132,452
752,132,453
753,132,454
754,132,455
755,132,456
756,132,457
757,132,458
758,132,459
759,132,584
760,132,763
761,132,764
762,132,765
763,132,766
764,132,988
765,132,989
766,132,990
767,132,991
768,132,992
769,1323,1324
770,1323,1325
771,1323,1326
772,1324,1325
773,1324,1326
774,1324,1649
775,1325,1326
776,1328,1329
777,1328,1330
778,1328,1331
779,1328,1332
780,1328,1333
781,1329,1330
782,1329,1331
783,1329,1332
784,1329,1333
785,133,134
786,1330,1331
787,1330,1332
788,1330,1333
789,1331,1332
790,1331,1333
791,1332,1333
792,1334,1509
793,1336,1346
794,1336,1347
795,1336,1438
796,1338,1339
797,1339,1508
798,134,626
799,1341,1401
800,1341,1482
801,1341,1483
802,1341,1484
803,1341,1485
804,1341,1486
805,1341,1487
806,1341,1488
807,1341,1489
808,1341,1490
809,1341,1491
810,1341,1492
811,1341,1493
812,1341,1494
813,1341,1495
814,1341,1496
815,1341,1497
816,1341,1498
817,1341,1499
818,1341,1500
819,1341,1501
820,1341,1502
821,1341,1503
822,1341,1504
823,1341,1505
824,1341,1506
825,1343,1344
826,1346,1347
827,1351,1352
828,1351,1477
829,1351,1478
830,1351,1479
831,1353,1354
832,1353,1355
833,1353,1389
834,1353,1390
835,1353,1391
836,1354,1355
837,1358,1359
838,136,940
839,1360,1361
840,1360,1362
841,1360,1363
842,1360,1364
843,1360,1365
844,1360,1410
845,1361,1362
846,1361,1363
847,1361,1364
848,1362,1363
849,1362,1364
850,1363,1364
851,1366,1634
852,1366,1635
853,1367,1368
854,1367,1369
855,1367,1370
856,1367,1371
857,1367,1372
858,1368,1369
859,1368,1370
860,1368,1371
861,1368,1372
862,1369,1370
863,1369,1371
864,1369,1372
865,137,138
866,137,139
867,137,273
868,137,302
869,137,337
870,1370,1371
871,1370,1372
872,1371,1372
873,1373,1374
874,1376,1377
875,138,139
876,1380,1381
877,1380,1520
878,1381,1520
879,1382,1638
880,1383,1384
881,1383,1385
882,1383,1386
883,1384,1385
884,1384,1386
885,1385,1386
886,1386,1573
887,1386,1574
888,1387,1636
889,1389,1390
890,1389,1391
891,1390,1391
892,1391,1442
893,1395,1396
894,1398,1399
895,1398,1400
896,1399,1400
897,14,109
898,14,141
899,14,15
900,14,16
901,14,17
902,14,422
903,14,57
904,14,58
905,140,1008
906,140,1009
907,140,1109
908,140,1443
909,140,193
910,140,214
911,140,485
912,1401,1482
913,1401,1483
914,1401,1484
915,1401,1485
916,1401,1486
917,1401,1487
918,1401,1488
919,1401,1489
920,1401,1490
921,1401,1491
922,1401,1492
923,1401,1493
924,1401,1494
925,1401,1495
926,1401,1496
927,1401,1497
928,1401,1498
929,1401,1499
930,1401,1500
931,1401,1501
932,1401,1502
933,1401,1503
934,1401,1504
935,1401,1505
936,1402,1403
937,1402,1404
938,1402,1405
939,1403,1404
940,1403,1405
941,1404,1405
942,1406,1407
943,1408,1409
944,141,301
945,1418,1419
946,142,1422
947,142,143
948,142,198
949,142,240
950,142,285
951,142,429
952,142,697
953,142,737
954,142,955
955,1422,1481
956,1426,1585
957,1427,1428
958,1427,1429
959,1427,1430
960,1427,1431
961,1427,1432
962,1428,1429
963,1428,1430
964,1428,1431
965,1428,1432
966,1429,1430
967,1429,1431
968,1429,1432
969,143,228
970,143,229
971,143,240
972,143,285
973,143,697
974,143,737
975,143,886
976,143,955
977,1430,1431
978,1430,1432
979,1431,1432
980,1431,1445
981,1431,1610
982,1431,1611
983,1431,1612
984,1431,1615
985,1431,1616
986,1433,1436
987,144,1171
988,144,145
989,144,1604
990,144,199
991,144,264
992,144,269
993,144,420
994,144,431
995,144,476
996,144,734
997,144,735
998,144,745
999,144,754
1000,144,884
1001,1442,1540
1002,1442,1541
1003,1442,1542
1004,1442,1543
1005,1442,1544
1006,1442,1545
1007,1442,1546
1008,1442,1547
1009,1442,1548
1010,1442,1549
1011,1442,1550
1012,1442,1566
1013,1442,1567
1014,1442,1568
1015,1442,1569
1016,1444,1445
1017,1444,1446
1018,1445,1446
1019,1445,1610
1020,1445,1611
1021,1445,1612
1022,1445,1615
1023,1445,1616
1024,1447,1448
1025,1449,1450
1026,145,264
1027,145,754
1028,145,844
1029,1451,1452
1030,1454,1455
1031,1454,1456
1032,1455,1456
1033,1459,1460
1034,146,147
1035,146,797
1036,146,933
1037,1463,1464
1038,1465,1594
1039,1466,1467
1040,1467,1530
1041,1467,1560
1042,1470,1471
1043,1474,1475
1044,1477,1478
1045,1477,1479
1046,1478,1479
1047,148,1016
1048,148,1089
1049,148,1090
1050,148,1091
1051,148,1099
1052,148,1180
1053,148,1181
1054,148,1182
1055,148,189
1056,148,892
1057,148,950
1058,1482,1483
1059,1482,1484
1060,1482,1485
1061,1482,1486
1062,1482,1487
1063,1482,1488
1064,1482,1489
1065,1482,1490
1066,1482,1491
1067,1482,1492
1068,1482,1493
1069,1482,1494
1070,1482,1495
1071,1482,1496
1072,1482,1497
1073,1482,1498
1074,1482,1499
1075,1482,1500
1076,1482,1501
1077,1482,1502
1078,1482,1503
1079,1482,1504
1080,1482,1505
1081,1483,1484
1082,1483,1485
1083,1483,1486
1084,1483,1487
1085,1483,1488
1086,1483,1489
1087,1483,1490
1088,1483,1491
1089,1483,1492
1090,1483,1493
1091,1483,1494
1092,1483,1495
1093,1483,1496
1094,1483,1497
1095,1483,1498
1096,1483,1499
1097,1483,1500
1098,1483,1501
1099,1483,1502
1100,1483,1503
1101,1483,1504
1102,1483,1505
1103,1484,1485
1104,1484,1486
1105,1484,1487
1106,1484,1488
1107,1484,1489
1108,1484,1490
1109,1484,1491
1110,1484,1492
1111,1484,1493
1112,1484,1494
1113,1484,1495
1114,1484,1496
1115,1484,1497
1116,1484,1498
1117,1484,1499
1118,1484,1500
1119,1484,1501
1120,1484,1502
1121,1484,1503
1122,1484,1504
1123,1484,1505
1124,1485,1486
1125,1485,1487
1126,1485,1488
1127,1485,1489
1128,1485,1490
1129,1485,1491
1130,1485,1492
1131,1485,1493
1132,1485,1494
1133,1485,1495
1134,1485,1496
1135,1485,1497
1136,1485,1498
1137,1485,1499
1138,1485,1500
1139,1485,1501
1140,1485,1502
1141,1485,1503
1142,1485,1504
1143,1485,1505
1144,1486,1487
1145,1486,1488
1146,1486,1489
1147,1486,1490
1148,1486,1491
1149,1486,1492
1150,1486,1493
1151,1486,1494
1152,1486,1495
1153,1486,1496
1154,1486,1497
1155,1486,1498
1156,1486,1499
1157,1486,1500
1158,1486,1501
1159,1486,1502
1160,1486,1503
1161,1486,1504
1162,1486,1505
1163,1487,1488
1164,1487,1489
1165,1487,1490
1166,1487,1491
1167,1487,1492
1168,1487,1493
1169,1487,1494
1170,1487,1495
1171,1487,1496
1172,1487,1497
1173,1487,1498
1174,1487,1499
1175,1487,1500
1176,1487,1501
1177,1487,1502
1178,1487,1503
1179,1487,1504
1180,1487,1505
1181,1488,1489
1182,1488,1490
1183,1488,1491
1184,1488,1492
1185,1488,1493
1186,1488,1494
1187,1488,1495
1188,1488,1496
1189,1488,1497
1190,1488,1498
1191,1488,1499
1192,1488,1500
1193,1488,1501
1194,1488,1502
1195,1488,1503
1196,1488,1504
1197,1488,1505
1198,1489,1490
1199,1489,1491
1200,1489,1492
1201,1489,1493
1202,1489,1494
1203,1489,1495
1204,1489,1496
1205,1489,1497
1206,1489,1498
1207,1489,1499
1208,1489,1500
1209,1489,1501
1210,1489,1502
1211,1489,1503
1212,1489,1504
1213,1489,1505
1214,149,1516
1215,149,1517
1216,149,252
1217,149,494
1218,149,499
1219,149,655
1220,149,668
1221,149,690
1222,149,707
1223,149,708
1224,149,709
1225,149,710
1226,149,711
1227,149,715
1228,149,731
1229,149,753
1230,149,833
1231,1490,1491
1232,1490,1492
1233,1490,1493
1234,1490,1494
1235,1490,1495
1236,1490,1496
1237,1490,1497
1238,1490,1498
1239,1490,1499
1240,1490,1500
1241,1490,1501
1242,1490,1502
1243,1490,1503
1244,1490,1504
1245,1490,1505
1246,1491,1492
1247,1491,1493
1248,1491,1494
1249,1491,1495
1250,1491,1496
1251,1491,1497
1252,1491,1498
1253,1491,1499
1254,1491,1500
1255,1491,1501
1256,1491,1502
1257,1491,1503
1258,1491,1504
1259,1491,1505
1260,1492,1493
1261,1492,1494
1262,1492,1495
1263,1492,1496
1264,1492,1497
1265,1492,1498
1266,1492,1499
1267,1492,1500
1268,1492,1501
1269,1492,1502
1270,1492,1503
1271,1492,1504
1272,1492,1505
1273,1493,1494
1274,1493,1495
1275,1493,1496
1276,1493,1497
1277,1493,1498
1278,1493,1499
1279,1493,1500
1280,1493,1501
1281,1493,1502
1282,1493,1503
1283,1493,1504
1284,1493,1505
1285,1494,1495
1286,1494,1496
1287,1494,1497
1288,1494,1498
1289,1494,1499
1290,1494,1500
1291,1494,1501
1292,1494,1502
1293,1494,1503
1294,1494,1504
1295,1494,1505
1296,1495,1496
1297,1495,1497
1298,1495,1498
1299,1495,1499
1300,1495,1500
1301,1495,1501
1302,1495,1502
1303,1495,1503
1304,1495,1504
1305,1495,1505
1306,1496,1497
1307,1496,1498
1308,1496,1499
1309,1496,1500
1310,1496,1501
1311,1496,1502
1312,1496,1503
1313,1496,1504
1314,1496,1505
1315,1497,1498
1316,1497,1499
1317,1497,1500
1318,1497,1501
1319,1497,1502
1320,1497,1503
1321,1497,1504
1322,1497,1505
1323,1498,1499
1324,1498,1500
1325,1498,1501
1326,1498,1502
1327,1498,1503
1328,1498,1504
1329,1498,1505
1330,1499,1500
1331,1499,1501
1332,1499,1502
1333,1499,1503
1334,1499,1504
1335,1499,1505
1336,15,109
1337,15,141
1338,15,16
1339,15,17
1340,15,422
1341,15,442
1342,15,443
1343,15,57
1344,15,58
1345,15,793
1346,150,152
1347,150,153
1348,150,154
1349,150,155
1350,150,156
1351,150,1644
1352,1500,1501
1353,1500,1502
1354,1500,1503
1355,1500,1504
1356,1500,1505
1357,1501,1502
1358,1501,1503
1359,1501,1504
1360,1501,1505
1361,1502,1503
1362,1502,1504
1363,1502,1505
1364,1503,1504
1365,1503,1505
1366,1504,1505
1367,151,214
1368,151,485
1369,151,638
1370,151,768
1371,151,769
1372,1512,1513
1373,1516,1517
1374,1518,1633
1375,152,943
1376,1522,1523
1377,153,377
1378,153,463
1379,153,464
1380,153,467
1381,153,468
1382,153,469
1383,153,492
1384,1530,1560
1385,1532,1565
1386,1537,1538
1387,154,496
1388,154,497
1389,1540,1541
1390,1540,1542
1391,1540,1543
1392,1540,1544
1393,1540,1545
1394,1540,1546
1395,1541,1542
1396,1541,1543
1397,1541,1544
1398,1541,1545
1399,1541,1546
1400,1542,1543
1401,1542,1544
1402,1542,1545
1403,1542,1546
1404,1543,1544
1405,1543,1545
1406,1543,1546
1407,1544,1545
1408,1544,1546
1409,1544,1550
1410,1545,1546
1411,1547,1548
1412,1547,1549
1413,1548,1549
1414,155,156
1415,1552,1553
1416,1554,1555
1417,1557,1558
1418,1561,1562
1419,1561,1563
1420,1562,1563
1421,1567,1568
1422,1567,1569
1423,1568,1569
1424,157,1017
1425,157,158
1426,157,703
1427,1571,1572
1428,1573,1574
1429,1574,1607
1430,1574,1609
1431,1574,1610
1432,1574,1611
1433,1574,1612
1434,1574,1613
1435,1575,1576
1436,1575,1577
1437,1576,1596
1438,1579,1580
1439,1579,1581
1440,1580,1581
1441,1587,1617
1442,1587,1618
1443,159,160
1444,159,169
1445,159,170
1446,159,171
1447,159,283
1448,159,296
1449,159,754
1450,1592,1593
1451,1597,1598
1452,1597,1599
1453,1597,1600
1454,1597,1601
1455,1597,1602
1456,1597,1603
1457,1598,1599
1458,1598,1600
1459,1598,1601
1460,1598,1602
1461,1598,1603
1462,1599,1600
1463,1599,1601
1464,1599,1602
1465,1599,1603
1466,16,17
1467,16,433
1468,16,436
1469,160,169
1470,160,754
1471,1600,1601
1472,1600,1602
1473,1600,1603
1474,1601,1602
1475,1601,1603
1476,1602,1603
1477,1607,1608
1478,1607,1609
1479,1607,1610
1480,1607,1611
1481,1607,1612
1482,1607,1613
1483,1608,1609
1484,1608,1610
1485,1609,1610
1486,1609,1611
1487,1609,1612
1488,1609,1613
1489,161,1238
1490,161,1310
1491,161,167
1492,161,254
1493,1610,1611
1494,1610,1612
1495,1610,1613
1496,1610,1615
1497,1610,1616
1498,1611,1612
1499,1611,1613
1500,1611,1615
1501,1611,1616
1502,1612,1613
1503,1612,1615
1504,1612,1616
1505,1615,1616
1506,1617,1618
1507,162,1000
1508,162,1061
1509,162,1062
1510,162,1081
1511,162,1120
1512,162,1233
1513,162,1261
1514,162,1262
1515,162,1263
1516,162,1279
1517,162,1317
1518,162,1367
1519,162,1368
1520,162,1369
1521,162,1370
1522,162,1371
1523,162,1372
1524,162,1417
1525,162,163
1526,162,164
1527,162,165
1528,162,359
1529,162,360
1530,162,361
1531,162,394
1532,162,503
1533,162,509
1534,162,510
1535,162,537
1536,162,543
1537,162,571
1538,162,629
1539,162,692
1540,162,693
1541,162,718
1542,162,719
1543,162,720
1544,162,721
1545,162,723
1546,162,900
1547,1620,1621
1548,1624,1625
1549,1626,1627
1550,1626,1628
1551,1627,1628
1552,1629,1630
1553,163,1058
1554,163,1059
1555,163,1060
1556,163,1061
1557,163,1062
1558,163,1063
1559,163,1212
1560,163,1233
1561,163,1317
1562,163,1417
1563,163,1597
1564,163,1598
1565,163,1599
1566,163,1600
1567,163,1601
1568,163,1602
1569,163,1603
1570,163,164
1571,163,165
1572,163,359
1573,163,360
1574,163,361
1575,163,394
1576,163,402
1577,163,570
1578,163,571
1579,163,629
1580,163,682
1581,163,718
1582,163,719
1583,163,720
1584,163,783
1585,163,902
1586,163,970
1587,1634,1635
1588,1638,1639
1589,1638,1640
1590,164,165
1591,1642,1643
1592,165,1062
1593,165,1233
1594,165,1317
1595,165,1417
1596,165,360
1597,165,629
1598,165,666
1599,165,667
1600,165,718
1601,166,322
1602,166,416
1603,168,1535
1604,168,1648
1605,168,295
1606,168,726
1607,169,1064
1608,169,170
1609,169,171
1610,169,299
1611,169,446
1612,169,447
1613,169,754
1614,17,433
1615,17,436
1616,170,171
1617,170,296
1618,170,447
1619,172,1143
1620,173,174
1621,173,175
1622,173,176
1623,173,177
1624,173,178
1625,173,179
1626,173,180
1627,175,176
1628,177,178
1629,178,205
1630,178,486
1631,178,487
1632,178,488
1633,178,773
1634,178,774
1635,178,850
1636,178,851
1637,178,852
1638,178,853
1639,179,1536
1640,179,1595
1641,179,180
1642,179,795
1643,18,19
1644,18,20
1645,180,1536
1646,180,795
1647,181,1031
1648,181,182
1649,181,183
1650,181,184
1651,181,247
1652,181,590
1653,182,1031
1654,182,183
1655,182,184
1656,183,1031
1657,183,184
1658,183,247
1659,185,429
1660,185,677
1661,186,187
1662,186,188
1663,187,1530
1664,187,188
1665,187,239
1666,187,951
1667,19,20
1668,190,1077
1669,190,1078
1670,190,1081
1671,190,1105
1672,190,1106
1673,190,1107
1674,190,1108
1675,190,1136
1676,190,1184
1677,190,1185
1678,190,1186
1679,190,1187
1680,190,1197
1681,190,1272
1682,190,1360
1683,190,1365
1684,190,1370
1685,190,1371
1686,190,1372
1687,190,1515
1688,190,191
1689,190,344
1690,190,347
1691,190,534
1692,190,535
1693,190,536
1694,190,537
1695,190,538
1696,190,539
1697,190,540
1698,190,608
1699,190,651
1700,190,652
1701,190,653
1702,190,654
1703,190,682
1704,190,714
1705,190,719
1706,190,777
1707,190,778
1708,190,779
1709,190,780
1710,190,781
1711,190,782
1712,190,783
1713,190,784
1714,190,785
1715,190,981
1716,190,992
1717,194,269
1718,194,284
1719,194,417
1720,195,1099
1721,195,1202
1722,195,1454
1723,195,1455
1724,195,1456
1725,195,1469
1726,195,307
1727,196,1124
1728,196,1297
1729,196,1397
1730,196,197
1731,196,378
1732,196,757
1733,196,758
1734,196,941
1735,196,942
1736,198,199
1737,198,200
1738,198,240
1739,199,1134
1740,199,200
1741,199,227
1742,199,260
1743,199,406
1744,199,745
1745,2,3
1746,2,4
1747,2,5
1748,2,6
1749,2,7
1750,20,470
1751,20,787
1752,201,1366
1753,201,202
1754,202,1366
1755,203,1010
1756,203,1056
1757,203,1254
1758,203,1255
1759,203,1256
1760,203,1518
1761,203,1633
1762,203,204
1763,203,376
1764,203,551
1765,205,1395
1766,205,1396
1767,205,1592
1768,205,1593
1769,205,214
1770,205,485
1771,205,850
1772,205,851
1773,205,852
1774,205,853
1775,206,1402
1776,206,1403
1777,206,1404
1778,206,1405
1779,206,207
1780,206,295
1781,206,581
1782,207,295
1783,207,581
1784,208,1073
1785,208,1074
1786,208,1075
1787,208,209
1788,208,426
1789,208,427
1790,208,428
1791,209,1632
1792,209,426
1793,209,522
1794,209,926
1795,21,240
1796,21,409
1797,21,790
1798,210,254
1799,210,255
1800,212,213
1801,212,214
1802,212,215
1803,212,430
1804,213,214
1805,213,215
1806,214,1008
1807,214,1009
1808,214,1099
1809,214,1395
1810,214,1396
1811,214,215
1812,214,296
1813,214,485
1814,214,513
1815,214,514
1816,214,949
1817,216,217
1818,216,282
1819,218,219
1820,218,220
1821,218,221
1822,219,220
1823,219,221
1824,22,1128
1825,22,1308
1826,22,1314
1827,22,23
1828,22,24
1829,22,397
1830,22,645
1831,22,646
1832,220,221
1833,222,223
1834,223,1140
1835,223,703
1836,224,1267
1837,224,1268
1838,224,1441
1839,224,230
1840,224,231
1841,225,1521
1842,225,226
1843,225,378
1844,226,378
1845,228,229
1846,228,337
1847,229,1465
1848,23,24
1849,23,397
1850,230,231
1851,230,232
1852,230,233
1853,230,234
1854,230,235
1855,230,830
1856,230,967
1857,232,1307
1858,232,233
1859,232,234
1860,232,593
1861,232,912
1862,233,234
1863,234,1208
1864,234,1223
1865,234,1574
1866,234,1607
1867,234,1608
1868,234,1609
1869,234,1610
1870,234,1611
1871,234,1612
1872,234,1613
1873,234,563
1874,234,602
1875,234,766
1876,234,979
1877,234,981
1878,236,1534
1879,237,1257
1880,237,238
1881,237,797
1882,238,1339
1883,238,1508
1884,239,1530
1885,239,270
1886,239,378
1887,239,432
1888,239,747
1889,240,1415
1890,240,1422
1891,240,1462
1892,240,285
1893,241,1162
1894,241,1311
1895,241,242
1896,241,288
1897,241,373
1898,241,597
1899,243,1026
1900,243,244
1901,243,280
1902,243,745
1903,243,748
1904,243,867
1905,243,868
1906,244,1026
1907,244,745
1908,245,254
1909,245,255
1910,245,440
1911,245,871
1912,247,248
1913,247,249
1914,248,249
1915,25,26
1916,25,402
1917,25,501
1918,25,605
1919,25,655
1920,25,741
1921,25,746
1922,25,944
1923,25,945
1924,25,960
1925,25,961
1926,250,1451
1927,250,740
1928,252,1292
1929,252,1457
1930,252,1638
1931,252,253
1932,252,494
1933,252,554
1934,252,555
1935,252,715
1936,252,731
1937,254,1088
1938,254,1238
1939,254,255
1940,254,440
1941,255,1088
1942,255,440
1943,255,773
1944,255,774
1945,257,258
1946,258,259
1947,259,1022
1948,259,1095
1949,259,316
1950,259,614
1951,259,615
1952,259,616
1953,259,997
1954,26,1067
1955,26,1068
1956,26,1170
1957,26,1183
1958,26,1458
1959,26,1460
1960,26,149
1961,26,1516
1962,26,1517
1963,26,1578
1964,26,277
1965,26,483
1966,26,501
1967,26,517
1968,26,605
1969,26,655
1970,26,690
1971,26,707
1972,26,709
1973,26,741
1974,26,753
1975,26,772
1976,26,833
1977,26,923
1978,260,1134
1979,261,1349
1980,261,1507
1981,261,262
1982,261,637
1983,262,1092
1984,262,1507
1985,263,990
1986,265,1024
1987,265,1025
1988,266,267
1989,266,268
1990,267,268
1991,267,788
1992,267,789
1993,269,1065
1994,269,1249
1995,269,1250
1996,269,1251
1997,269,884
1998,27,28
1999,27,405
2000,27,71
2001,270,271
2002,270,441
2003,270,747
2004,271,935
2005,272,1286
2006,272,550
2007,272,624
2008,272,636
2009,272,932
2010,273,1215
2011,273,1216
2012,273,1217
2013,273,302
2014,273,303
2015,273,304
2016,274,1099
2017,274,1351
2018,274,1352
2019,274,1388
2020,274,1588
2021,274,275
2022,274,938
2023,275,1099
2024,275,1388
2025,275,694
2026,276,277
2027,276,278
2028,276,279
2029,277,1460
2030,277,278
2031,277,279
2032,278,279
2033,28,1511
2034,28,422
2035,28,791
2036,28,82
2037,280,1380
2038,280,1381
2039,280,281
2040,280,470
2041,280,787
2042,284,285
2043,284,398
2044,286,1313
2045,286,504
2046,286,518
2047,287,1231
2048,287,1232
2049,287,1322
2050,287,582
2051,288,1311
2052,288,289
2053,288,290
2054,289,290
2055,289,291
2056,289,457
2057,29,1424
2058,29,218
2059,29,219
2060,29,220
2061,29,221
2062,29,30
2063,29,31
2064,29,408
2065,290,291
2066,290,292
2067,290,293
2068,290,294
2069,290,457
2070,291,292
2071,291,293
2072,291,294
2073,292,293
2074,292,294
2075,293,294
2076,294,763
2077,294,764
2078,294,765
2079,294,766
2080,295,1020
2081,295,617
2082,296,475
2083,296,485
2084,297,298
2085,298,1425
2086,298,1575
2087,298,1576
2088,298,1577
2089,298,310
2090,298,366
2091,298,367
2092,298,521
2093,3,1208
2094,3,1223
2095,3,1607
2096,3,1608
2097,3,1609
2098,3,1610
2099,3,234
2100,3,4
2101,3,5
2102,3,556
2103,3,557
2104,3,558
2105,3,559
2106,3,560
2107,3,561
2108,3,562
2109,3,563
2110,3,6
2111,3,682
2112,3,7
2113,3,854
2114,3,855
2115,3,856
2116,3,979
2117,3,981
2118,30,218
2119,30,219
2120,30,220
2121,30,221
2122,30,31
2123,301,1480
2124,301,1525
2125,301,1533
2126,301,1631
2127,301,767
2128,301,882
2129,301,883
2130,302,1215
2131,302,1216
2132,302,1217
2133,303,304
2134,306,405
2135,308,1591
2136,308,309
2137,308,310
2138,308,368
2139,308,383
2140,308,392
2141,308,402
2142,308,492
2143,308,623
2144,308,670
2145,308,715
2146,308,732
2147,308,759
2148,308,946
2149,308,947
2150,309,310
2151,31,617
2152,31,937
2153,310,387
2154,310,730
2155,311,312
2156,311,313
2157,311,314
2158,312,313
2159,312,314
2160,313,1102
2161,313,1379
2162,313,314
2163,313,527
2164,313,611
2165,315,1254
2166,315,792
2167,316,1579
2168,316,1580
2169,316,1581
2170,316,341
2171,316,369
2172,316,515
2173,316,587
2174,316,614
2175,316,615
2176,316,616
2177,317,319
2178,318,319
2179,319,320
2180,32,239
2181,32,432
2182,320,321
2183,321,362
2184,322,416
2185,323,1325
2186,323,1539
2187,323,423
2188,323,426
2189,323,478
2190,324,325
2191,324,326
2192,324,328
2193,324,329
2194,325,326
2195,325,327
2196,325,328
2197,325,329
2198,325,330
2199,325,332
2200,325,333
2201,325,334
2202,325,335
2203,326,1376
2204,326,1377
2205,326,327
2206,326,328
2207,326,982
2208,328,329
2209,328,330
2210,328,368
2211,328,371
2212,328,372
2213,329,1531
2214,329,612
2215,33,152
2216,33,943
2217,331,1461
2218,331,554
2219,331,579
2220,331,632
2221,331,770
2222,331,798
2223,332,1264
2224,332,1265
2225,332,1551
2226,332,1641
2227,332,333
2228,333,1264
2229,333,1265
2230,333,1551
2231,333,1641
2232,333,770
2233,334,1398
2234,334,1399
2235,334,1400
2236,336,1519
2237,336,337
2238,336,418
2239,336,419
2240,336,736
2241,338,340
2242,338,343
2243,338,357
2244,338,358
2245,339,340
2246,339,341
2247,34,1002
2248,34,1004
2249,34,1442
2250,34,1566
2251,34,246
2252,34,35
2253,340,341
2254,340,342
2255,340,343
2256,340,357
2257,340,358
2258,340,872
2259,341,1579
2260,341,1580
2261,341,1581
2262,341,369
2263,344,1114
2264,344,1514
2265,344,1515
2266,344,1637
2267,344,345
2268,344,346
2269,344,347
2270,344,348
2271,344,364
2272,344,415
2273,344,451
2274,344,452
2275,344,453
2276,344,454
2277,344,455
2278,344,456
2279,344,457
2280,344,458
2281,344,459
2282,344,568
2283,344,576
2284,344,682
2285,344,777
2286,344,780
2287,344,782
2288,344,875
2289,344,876
2290,345,346
2291,345,347
2292,345,348
2293,345,391
2294,345,392
2295,345,393
2296,345,394
2297,345,395
2298,345,396
2299,345,453
2300,345,568
2301,345,576
2302,345,777
2303,345,875
2304,345,876
2305,346,347
2306,346,348
2307,347,1076
2308,347,1512
2309,347,1513
2310,347,1515
2311,347,1637
2312,347,348
2313,347,452
2314,347,453
2315,347,568
2316,347,682
2317,347,714
2318,347,727
2319,347,777
2320,347,778
2321,347,779
2322,347,780
2323,347,781
2324,347,782
2325,347,783
2326,347,784
2327,347,785
2328,347,836
2329,347,837
2330,348,1193
2331,348,1194
2332,349,350
2333,349,351
2334,349,352
2335,349,663
2336,349,994
2337,35,1442
2338,35,1566
2339,350,351
2340,350,352
2341,350,663
2342,350,994
2343,351,352
2344,351,663
2345,351,994
2346,352,1079
2347,352,1623
2348,352,457
2349,352,663
2350,352,994
2351,353,1373
2352,353,1374
2353,353,1470
2354,353,1471
2355,353,1642
2356,353,1643
2357,353,374
2358,353,375
2359,353,550
2360,354,355
2361,354,356
2362,355,1460
2363,357,358
2364,358,525
2365,358,995
2366,359,360
2367,359,361
2368,359,502
2369,359,537
2370,359,699
2371,359,700
2372,359,701
2373,359,702
2374,36,1013
2375,36,1138
2376,36,123
2377,36,237
2378,36,37
2379,360,361
2380,360,666
2381,360,667
2382,361,1061
2383,361,1081
2384,361,1261
2385,361,1262
2386,361,1263
2387,361,394
2388,361,693
2389,361,718
2390,363,1031
2391,363,1208
2392,363,1336
2393,363,1346
2394,363,1347
2395,363,1427
2396,363,1428
2397,363,1429
2398,363,1430
2399,363,1431
2400,363,1432
2401,363,1436
2402,363,1445
2403,363,1610
2404,363,1611
2405,363,1612
2406,363,1615
2407,363,1616
2408,363,453
2409,363,559
2410,363,563
2411,363,602
2412,363,608
2413,363,627
2414,363,766
2415,363,780
2416,363,854
2417,363,873
2418,363,874
2419,363,917
2420,363,931
2421,363,975
2422,364,1067
2423,364,1170
2424,364,1174
2425,364,1219
2426,364,1220
2427,364,1342
2428,364,1561
2429,364,1562
2430,364,1563
2431,364,365
2432,364,366
2433,364,399
2434,364,410
2435,364,411
2436,364,412
2437,364,413
2438,364,414
2439,364,415
2440,364,451
2441,364,452
2442,364,453
2443,364,454
2444,364,455
2445,364,456
2446,364,457
2447,364,458
2448,364,459
2449,364,625
2450,364,776
2451,365,1033
2452,365,1034
2453,365,1035
2454,365,1036
2455,365,1037
2456,365,1038
2457,365,1039
2458,365,1040
2459,365,1041
2460,365,1042
2461,365,1043
2462,365,1044
2463,365,1045
2464,365,1046
2465,365,1047
2466,365,366
2467,365,979
2468,366,1575
2469,366,1576
2470,366,823
2471,367,1133
2472,367,1289
2473,367,1356
2474,367,480
2475,367,823
2476,369,1579
2477,369,1580
2478,369,1581
2479,37,1138
2480,37,1216
2481,37,1246
2482,37,1247
2483,37,1248
2484,37,728
2485,37,83
2486,37,840
2487,37,841
2488,37,842
2489,37,92
2490,37,93
2491,370,405
2492,370,493
2493,371,373
2494,373,1312
2495,374,375
2496,374,407
2497,375,407
2498,376,730
2499,377,463
2500,377,464
2501,377,467
2502,377,468
2503,377,469
2504,377,492
2505,378,1521
2506,378,398
2507,378,882
2508,379,1302
2509,379,380
2510,379,381
2511,379,467
2512,38,39
2513,38,40
2514,380,1302
2515,380,381
2516,381,1302
2517,382,383
2518,382,384
2519,382,385
2520,382,386
2521,383,1147
2522,383,1148
2523,383,1149
2524,383,1341
2525,383,384
2526,383,400
2527,383,492
2528,383,541
2529,383,632
2530,383,715
2531,383,732
2532,383,822
2533,383,889
2534,384,473
2535,385,386
2536,385,591
2537,389,1005
2538,389,1011
2539,389,1068
2540,389,1151
2541,389,1152
2542,389,1153
2543,389,1154
2544,389,1155
2545,389,1156
2546,389,1157
2547,389,1158
2548,389,1159
2549,389,1160
2550,389,1206
2551,389,1293
2552,389,1294
2553,389,1295
2554,389,1296
2555,389,459
2556,389,655
2557,389,727
2558,389,856
2559,389,973
2560,389,974
2561,389,975
2562,389,976
2563,389,977
2564,389,978
2565,389,979
2566,389,980
2567,39,904
2568,390,1587
2569,390,583
2570,390,674
2571,390,924
2572,391,392
2573,391,393
2574,391,394
2575,391,395
2576,391,396
2577,392,1340
2578,392,393
2579,392,394
2580,392,395
2581,392,396
2582,392,623
2583,392,681
2584,392,759
2585,392,891
2586,392,946
2587,392,947
2588,393,394
2589,393,395
2590,393,396
2591,394,1058
2592,394,1059
2593,394,1060
2594,394,1061
2595,394,1062
2596,394,1063
2597,394,1081
2598,394,1136
2599,394,1137
2600,394,1212
2601,394,1261
2602,394,1262
2603,394,1263
2604,394,1597
2605,394,1598
2606,394,1599
2607,394,1600
2608,394,1601
2609,394,1602
2610,394,1603
2611,394,395
2612,394,396
2613,394,399
2614,394,402
2615,394,537
2616,394,571
2617,394,629
2618,394,682
2619,394,693
2620,394,718
2621,394,783
2622,394,860
2623,394,861
2624,394,862
2625,394,863
2626,394,864
2627,394,865
2628,394,866
2629,394,891
2630,394,900
2631,394,902
2632,394,970
2633,395,396
2634,396,1317
2635,396,1318
2636,396,718
2637,396,975
2638,397,588
2639,397,645
2640,397,646
2641,399,1195
2642,399,410
2643,399,411
2644,399,412
2645,399,413
2646,399,414
2647,399,415
2648,399,457
2649,399,461
2650,4,1031
2651,4,1208
2652,4,1223
2653,4,1431
2654,4,1445
2655,4,1574
2656,4,1607
2657,4,1608
2658,4,1609
2659,4,1610
2660,4,1611
2661,4,1612
2662,4,1613
2663,4,1615
2664,4,1616
2665,4,234
2666,4,363
2667,4,5
2668,4,556
2669,4,557
2670,4,558
2671,4,559
2672,4,560
2673,4,561
2674,4,562
2675,4,563
2676,4,6
2677,4,602
2678,4,627
2679,4,7
2680,4,766
2681,4,917
2682,4,931
2683,4,975
2684,4,979
2685,4,981
2686,40,41
2687,40,42
2688,40,43
2689,40,44
2690,400,1147
2691,400,1148
2692,400,1149
2693,400,402
2694,400,492
2695,400,541
2696,400,632
2697,400,732
2698,400,822
2699,400,896
2700,400,956
2701,401,1173
2702,401,1463
2703,401,1464
2704,401,1614
2705,401,869
2706,401,914
2707,401,930
2708,402,1058
2709,402,1059
2710,402,1060
2711,402,1061
2712,402,1062
2713,402,1063
2714,402,1221
2715,402,1243
2716,402,1583
2717,402,424
2718,402,425
2719,402,445
2720,402,453
2721,402,477
2722,402,549
2723,402,581
2724,402,593
2725,402,613
2726,402,618
2727,402,623
2728,402,668
2729,402,682
2730,402,691
2731,402,698
2732,402,704
2733,402,705
2734,402,712
2735,402,718
2736,402,770
2737,402,783
2738,402,912
2739,402,944
2740,402,945
2741,402,962
2742,402,970
2743,403,1208
2744,403,1213
2745,403,1214
2746,403,874
2747,404,1142
2748,404,1584
2749,404,448
2750,404,449
2751,405,493
2752,407,577
2753,408,1423
2754,408,1424
2755,408,495
2756,41,42
2757,41,43
2758,41,44
2759,410,1069
2760,410,411
2761,410,412
2762,410,413
2763,410,414
2764,410,415
2765,410,608
2766,411,1335
2767,411,412
2768,411,413
2769,411,414
2770,411,415
2771,411,460
2772,412,413
2773,412,414
2774,412,415
2775,412,628
2776,413,414
2777,413,415
2778,413,647
2779,413,648
2780,413,649
2781,413,650
2782,414,415
2783,415,1102
2784,415,451
2785,415,452
2786,415,453
2787,415,454
2788,415,455
2789,415,456
2790,415,457
2791,415,458
2792,415,459
2793,418,419
2794,42,43
2795,42,44
2796,420,1420
2797,420,437
2798,423,640
2799,423,641
2800,424,425
2801,426,1325
2802,426,1326
2803,427,1073
2804,427,1074
2805,427,1075
2806,427,428
2807,428,1073
2808,428,1074
2809,428,1075
2810,428,1622
2811,429,450
2812,429,677
2813,429,678
2814,432,1414
2815,433,1103
2816,433,434
2817,433,435
2818,433,436
2819,434,1103
2820,434,435
2821,434,436
2822,435,436
2823,436,1103
2824,437,1420
2825,438,439
2826,439,786
2827,44,351
2828,44,352
2829,440,1088
2830,440,773
2831,440,774
2832,441,1305
2833,441,747
2834,442,443
2835,446,1350
2836,446,447
2837,446,883
2838,447,1064
2839,448,1421
2840,448,449
2841,448,703
2842,449,1142
2843,45,1420
2844,45,1586
2845,45,420
2846,45,437
2847,45,46
2848,451,1442
2849,451,452
2850,451,453
2851,451,454
2852,451,455
2853,451,456
2854,451,457
2855,451,458
2856,451,459
2857,451,583
2858,452,1076
2859,452,1512
2860,452,1513
2861,452,453
2862,452,454
2863,452,455
2864,452,456
2865,452,457
2866,452,458
2867,452,459
2868,452,568
2869,452,713
2870,452,714
2871,453,1193
2872,453,1208
2873,453,1243
2874,453,1336
2875,453,1360
2876,453,1410
2877,453,1637
2878,453,454
2879,453,455
2880,453,456
2881,453,457
2882,453,458
2883,453,459
2884,453,549
2885,453,568
2886,453,576
2887,453,581
2888,453,608
2889,453,654
2890,453,671
2891,453,682
2892,453,777
2893,453,780
2894,453,873
2895,453,875
2896,453,876
2897,453,891
2898,453,975
2899,453,981
2900,454,1366
2901,454,1634
2902,454,1635
2903,454,455
2904,454,456
2905,454,457
2906,454,458
2907,454,459
2908,455,1366
2909,455,1634
2910,455,1635
2911,455,456
2912,455,457
2913,455,458
2914,455,459
2915,455,695
2916,455,963
2917,456,1366
2918,456,1634
2919,456,1635
2920,456,457
2921,456,458
2922,456,459
2923,457,1079
2924,457,1208
2925,457,458
2926,457,459
2927,457,461
2928,457,608
2929,457,671
2930,457,925
2931,457,926
2932,457,927
2933,457,928
2934,457,929
2935,457,981
2936,458,459
2937,459,1067
2938,459,1174
2939,459,1175
2940,459,1353
2941,459,1354
2942,459,1355
2943,459,1650
2944,459,625
2945,459,727
2946,459,973
2947,459,974
2948,459,975
2949,459,976
2950,459,977
2951,459,978
2952,459,979
2953,459,980
2954,459,992
2955,46,77
2956,460,461
2957,460,635
2958,460,801
2959,460,895
2960,460,967
2961,461,1392
2962,461,925
2963,461,926
2964,461,927
2965,461,928
2966,461,929
2967,462,1101
2968,462,1162
2969,462,1163
2970,462,1164
2971,462,635
2972,463,464
2973,463,465
2974,463,466
2975,463,467
2976,463,468
2977,463,469
2978,463,492
2979,464,465
2980,464,466
2981,464,467
2982,464,468
2983,464,469
2984,464,492
2985,465,466
2986,467,1226
2987,467,1227
2988,467,468
2989,467,469
2990,467,492
2991,468,469
2992,468,492
2993,469,492
2994,47,1025
2995,47,1357
2996,47,1521
2997,47,1570
2998,47,1589
2999,47,173
3000,47,178
3001,47,225
3002,47,305
3003,47,370
3004,47,378
3005,47,48
3006,47,49
3007,47,50
3008,47,91
3009,470,471
3010,470,472
3011,470,787
3012,471,472
3013,473,474
3014,477,479
3015,478,479
3016,48,166
3017,48,49
3018,48,50
3019,481,482
3020,481,483
3021,481,484
3022,482,1638
3023,482,483
3024,483,1170
3025,483,1578
3026,483,484
3027,485,1008
3028,485,1009
3029,485,1099
3030,485,1395
3031,485,1396
3032,485,513
3033,485,514
3034,485,949
3035,486,487
3036,486,488
3037,487,488
3038,489,490
3039,489,582
3040,49,166
3041,49,50
3042,490,582
3043,491,492
3044,492,1411
3045,492,715
3046,492,732
3047,492,746
3048,492,771
3049,492,961
3050,493,751
3051,494,668
3052,494,710
3053,494,715
3054,494,731
3055,496,497
3056,498,499
3057,499,1408
3058,499,1409
3059,499,910
3060,5,6
3061,5,7
3062,500,1240
3063,500,501
3064,501,605
3065,501,741
3066,502,542
3067,502,543
3068,502,544
3069,502,699
3070,502,700
3071,502,701
3072,503,1000
3073,503,1061
3074,503,1120
3075,503,1367
3076,503,1368
3077,503,1369
3078,503,1370
3079,503,1371
3080,503,1372
3081,503,692
3082,503,693
3083,503,719
3084,503,720
3085,503,721
3086,505,1360
3087,505,1361
3088,505,1362
3089,505,1363
3090,505,1364
3091,505,1406
3092,505,1407
3093,505,1453
3094,505,1522
3095,505,1523
3096,505,1524
3097,505,506
3098,505,507
3099,505,508
3100,505,533
3101,505,537
3102,505,540
3103,505,553
3104,505,565
3105,505,566
3106,505,567
3107,505,568
3108,505,569
3109,505,570
3110,505,571
3111,505,572
3112,505,573
3113,505,574
3114,505,575
3115,505,576
3116,505,681
3117,505,682
3118,505,683
3119,505,684
3120,505,685
3121,505,686
3122,505,687
3123,505,688
3124,505,716
3125,505,723
3126,505,898
3127,505,900
3128,506,1406
3129,506,1407
3130,506,507
3131,506,508
3132,506,533
3133,506,571
3134,506,684
3135,506,687
3136,506,688
3137,507,508
3138,509,510
3139,51,1343
3140,51,1474
3141,51,1475
3142,51,592
3143,510,1007
3144,511,1387
3145,511,1636
3146,511,522
3147,511,523
3148,511,524
3149,511,530
3150,511,531
3151,511,532
3152,512,1283
3153,512,1284
3154,512,1285
3155,513,514
3156,513,920
3157,514,1416
3158,514,920
3159,515,516
3160,517,1183
3161,517,518
3162,517,644
3163,517,669
3164,518,1313
3165,519,1320
3166,519,1393
3167,519,520
3168,519,548
3169,519,634
3170,519,644
3171,52,214
3172,52,485
3173,52,70
3174,520,1552
3175,520,1553
3176,521,1575
3177,521,1577
3178,522,523
3179,522,524
3180,522,530
3181,522,531
3182,522,532
3183,522,619
3184,522,620
3185,523,1387
3186,523,524
3187,523,530
3188,523,531
3189,523,532
3190,525,1245
3191,525,1605
3192,525,526
3193,525,706
3194,525,995
3195,526,1018
3196,526,1019
3197,526,546
3198,526,829
3199,527,528
3200,527,529
3201,528,529
3202,529,915
3203,529,916
3204,529,917
3205,529,918
3206,529,919
3207,53,157
3208,53,158
3209,53,54
3210,53,55
3211,530,531
3212,530,532
3213,530,618
3214,530,619
3215,530,620
3216,531,532
3217,531,618
3218,533,1406
3219,533,1407
3220,533,1524
3221,533,553
3222,533,571
3223,533,684
3224,533,687
3225,533,688
3226,534,535
3227,534,536
3228,534,537
3229,534,538
3230,534,539
3231,534,540
3232,535,536
3233,535,537
3234,535,538
3235,535,539
3236,535,540
3237,535,629
3238,535,630
3239,535,631
3240,536,537
3241,536,538
3242,536,539
3243,536,540
3244,536,629
3245,536,630
3246,536,631
3247,537,1370
3248,537,538
3249,537,539
3250,537,540
3251,537,543
3252,537,565
3253,537,566
3254,537,567
3255,537,568
3256,537,569
3257,537,570
3258,537,571
3259,537,572
3260,537,573
3261,537,574
3262,537,575
3263,537,576
3264,537,631
3265,537,651
3266,537,652
3267,537,653
3268,537,654
3269,537,681
3270,537,685
3271,537,702
3272,537,722
3273,537,723
3274,537,879
3275,537,891
3276,537,897
3277,537,898
3278,537,899
3279,537,900
3280,537,901
3281,537,902
3282,537,903
3283,538,1526
3284,538,539
3285,538,540
3286,539,540
3287,54,55
3288,540,1360
3289,540,1361
3290,540,1362
3291,540,1363
3292,540,1364
3293,540,685
3294,540,686
3295,540,687
3296,540,688
3297,540,716
3298,540,723
3299,540,898
3300,540,900
3301,541,1147
3302,541,1148
3303,541,1149
3304,541,632
3305,541,822
3306,542,1559
3307,542,543
3308,542,544
3309,543,1370
3310,543,1559
3311,543,544
3312,543,571
3313,543,723
3314,543,900
3315,544,679
3316,544,680
3317,544,877
3318,544,878
3319,545,546
3320,545,547
3321,546,1018
3322,546,1019
3323,546,1192
3324,546,547
3325,546,829
3326,548,1320
3327,548,623
3328,548,756
3329,548,775
3330,548,953
3331,548,954
3332,549,1243
3333,549,581
3334,55,142
3335,55,1422
3336,55,143
3337,55,1447
3338,55,1448
3339,55,737
3340,55,791
3341,55,97
3342,550,1118
3343,550,1286
3344,550,1642
3345,550,1643
3346,550,577
3347,550,578
3348,550,609
3349,550,610
3350,550,624
3351,550,967
3352,552,553
3353,552,879
3354,553,1524
3355,553,684
3356,553,687
3357,554,1461
3358,554,555
3359,554,770
3360,554,798
3361,556,557
3362,556,558
3363,556,559
3364,556,560
3365,556,561
3366,556,562
3367,556,563
3368,556,682
3369,556,854
3370,556,855
3371,556,856
3372,557,1334
3373,557,1509
3374,557,558
3375,557,559
3376,557,560
3377,557,561
3378,557,562
3379,557,563
3380,558,559
3381,558,560
3382,558,561
3383,558,562
3384,558,563
3385,559,1336
3386,559,1346
3387,559,1347
3388,559,1606
3389,559,560
3390,559,561
3391,559,562
3392,559,563
3393,559,854
3394,559,873
3395,559,874
3396,559,975
3397,56,214
3398,56,485
3399,560,1137
3400,560,1619
3401,560,561
3402,560,562
3403,560,563
3404,560,975
3405,560,976
3406,561,562
3407,561,563
3408,562,563
3409,563,1031
3410,563,1208
3411,563,1223
3412,563,1271
3413,563,1272
3414,563,1273
3415,563,1274
3416,563,1275
3417,563,1276
3418,563,1277
3419,563,1278
3420,563,1431
3421,563,1445
3422,563,1574
3423,563,1607
3424,563,1608
3425,563,1609
3426,563,1610
3427,563,1611
3428,563,1612
3429,563,1613
3430,563,1615
3431,563,1616
3432,563,602
3433,563,627
3434,563,766
3435,563,781
3436,563,917
3437,563,931
3438,563,975
3439,563,979
3440,563,981
3441,563,998
3442,564,1321
3443,564,617
3444,565,566
3445,565,567
3446,565,568
3447,565,569
3448,565,570
3449,565,571
3450,565,572
3451,565,573
3452,565,574
3453,565,575
3454,565,576
3455,566,567
3456,566,568
3457,566,569
3458,566,570
3459,566,571
3460,566,572
3461,566,573
3462,566,574
3463,566,575
3464,566,576
3465,567,568
3466,567,569
3467,567,570
3468,567,571
3469,567,572
3470,567,573
3471,567,574
3472,567,575
3473,567,576
3474,567,681
3475,567,685
3476,567,897
3477,567,898
3478,567,899
3479,568,1076
3480,568,1087
3481,568,1512
3482,568,1513
3483,568,569
3484,568,570
3485,568,571
3486,568,572
3487,568,573
3488,568,574
3489,568,575
3490,568,576
3491,568,682
3492,568,685
3493,568,713
3494,568,714
3495,568,722
3496,568,723
3497,568,777
3498,568,875
3499,568,876
3500,568,891
3501,568,899
3502,569,570
3503,569,571
3504,569,572
3505,569,573
3506,569,574
3507,569,575
3508,569,576
3509,57,422
3510,57,58
3511,570,1317
3512,570,571
3513,570,572
3514,570,573
3515,570,574
3516,570,575
3517,570,576
3518,570,719
3519,570,720
3520,570,721
3521,570,722
3522,570,723
3523,571,1370
3524,571,1406
3525,571,1407
3526,571,1597
3527,571,1598
3528,571,1599
3529,571,1600
3530,571,1601
3531,571,1602
3532,571,1603
3533,571,572
3534,571,573
3535,571,574
3536,571,575
3537,571,576
3538,571,629
3539,571,684
3540,571,687
3541,571,688
3542,571,723
3543,571,891
3544,571,900
3545,571,902
3546,572,1087
3547,572,573
3548,572,574
3549,572,575
3550,572,576
3551,572,682
3552,572,685
3553,572,777
3554,572,891
3555,572,899
3556,573,574
3557,573,575
3558,573,576
3559,574,575
3560,574,576
3561,575,1087
3562,575,576
3563,575,777
3564,575,899
3565,576,631
3566,576,722
3567,576,723
3568,576,777
3569,576,875
3570,576,876
3571,576,879
3572,576,900
3573,576,901
3574,576,902
3575,576,903
3576,577,578
3577,577,966
3578,577,967
3579,578,601
3580,58,135
3581,58,1510
3582,58,265
3583,58,422
3584,58,68
3585,580,581
3586,581,1243
3587,581,1383
3588,581,1384
3589,581,1386
3590,582,1037
3591,582,1133
3592,582,1231
3593,582,1232
3594,582,583
3595,582,584
3596,583,1391
3597,583,1442
3598,583,1587
3599,583,584
3600,583,674
3601,583,924
3602,584,1011
3603,584,1012
3604,584,1037
3605,585,1280
3606,585,1281
3607,585,1285
3608,585,1287
3609,585,1288
3610,585,1289
3611,585,1290
3612,585,1291
3613,585,586
3614,585,741
3615,588,921
3616,588,967
3617,589,1100
3618,589,644
3619,59,1435
3620,59,378
3621,59,60
3622,59,61
3623,590,1440
3624,590,639
3625,590,894
3626,592,1203
3627,592,1474
3628,592,1475
3629,592,593
3630,592,742
3631,593,624
3632,593,912
3633,594,595
3634,594,596
3635,594,597
3636,594,598
3637,594,599
3638,594,693
3639,595,1413
3640,595,596
3641,595,597
3642,595,598
3643,595,599
3644,596,597
3645,596,598
3646,596,599
3647,597,1145
3648,597,1582
3649,597,598
3650,597,599
3651,598,599
3652,6,7
3653,60,61
3654,600,601
3655,600,752
3656,601,806
3657,601,807
3658,601,996
3659,602,1031
3660,602,1141
3661,602,1208
3662,602,1431
3663,602,1433
3664,602,1436
3665,602,1445
3666,602,1574
3667,602,1607
3668,602,1609
3669,602,1610
3670,602,1611
3671,602,1612
3672,602,1613
3673,602,1615
3674,602,1616
3675,602,627
3676,602,766
3677,602,846
3678,602,880
3679,602,917
3680,602,931
3681,602,965
3682,602,975
3683,603,1537
3684,603,1538
3685,603,989
3686,604,605
3687,604,606
3688,604,607
3689,605,606
3690,605,607
3691,605,738
3692,605,741
3693,606,607
3694,608,1022
3695,608,1069
3696,608,1081
3697,608,1208
3698,608,1272
3699,608,1360
3700,608,1365
3701,608,1427
3702,608,1428
3703,608,1429
3704,608,1430
3705,608,1431
3706,608,1432
3707,608,671
3708,608,917
3709,608,981
3710,608,992
3711,609,610
3712,609,689
3713,610,1167
3714,610,1188
3715,611,1341
3716,611,1379
3717,611,834
3718,611,835
3719,612,668
3720,613,668
3721,613,712
3722,613,770
3723,614,615
3724,614,616
3725,615,616
3726,617,937
3727,619,620
3728,62,1208
3729,62,1213
3730,62,1214
3731,62,403
3732,620,1270
3733,621,622
3734,622,1057
3735,622,1218
3736,622,708
3737,622,817
3738,623,756
3739,623,759
3740,623,775
3741,623,946
3742,623,947
3743,623,953
3744,623,954
3745,624,1286
3746,624,912
3747,625,1067
3748,625,1168
3749,625,1169
3750,625,1170
3751,625,1174
3752,625,1175
3753,625,1219
3754,625,1220
3755,625,1342
3756,625,1561
3757,625,1562
3758,625,1563
3759,627,1031
3760,627,1208
3761,627,1431
3762,627,1445
3763,627,1610
3764,627,1611
3765,627,1612
3766,627,1615
3767,627,1616
3768,627,766
3769,627,917
3770,627,931
3771,627,975
3772,629,1062
3773,629,1233
3774,629,1317
3775,629,1417
3776,629,1597
3777,629,1598
3778,629,1599
3779,629,1600
3780,629,1601
3781,629,1602
3782,629,1603
3783,629,630
3784,629,631
3785,629,718
3786,629,902
3787,63,64
3788,63,786
3789,630,631
3790,631,723
3791,631,879
3792,631,900
3793,631,901
3794,631,902
3795,631,903
3796,632,1147
3797,632,1148
3798,632,1149
3799,632,1165
3800,632,1166
3801,632,1196
3802,632,633
3803,632,770
3804,632,822
3805,632,908
3806,632,981
3807,633,668
3808,633,808
3809,635,1101
3810,635,1164
3811,635,967
3812,637,797
3813,637,948
3814,637,949
3815,639,1440
3816,639,894
3817,64,1298
3818,64,1299
3819,640,641
3820,642,643
3821,644,1100
3822,644,1348
3823,644,1393
3824,645,646
3825,647,648
3826,647,649
3827,647,650
3828,648,649
3829,648,650
3830,649,650
3831,65,1349
3832,65,1507
3833,65,261
3834,65,262
3835,65,637
3836,65,66
3837,651,652
3838,651,653
3839,651,654
3840,652,653
3841,652,654
3842,653,1177
3843,653,1178
3844,653,1179
3845,653,654
3846,654,1193
3847,654,1360
3848,654,1410
3849,654,682
3850,654,891
3851,655,1516
3852,655,1517
3853,655,690
3854,655,707
3855,655,709
3856,655,753
3857,655,833
3858,655,923
3859,656,1205
3860,656,1208
3861,656,1223
3862,656,1224
3863,656,1228
3864,656,1229
3865,656,1230
3866,656,657
3867,656,658
3868,656,659
3869,656,660
3870,656,661
3871,656,662
3872,656,727
3873,656,981
3874,656,988
3875,657,658
3876,657,659
3877,657,660
3878,657,661
3879,657,662
3880,658,659
3881,658,660
3882,658,661
3883,658,662
3884,659,660
3885,659,661
3886,659,662
3887,660,1205
3888,660,1223
3889,660,1224
3890,660,661
3891,660,662
3892,660,727
3893,660,981
3894,661,1205
3895,661,1223
3896,661,1224
3897,661,662
3898,661,727
3899,661,981
3900,663,994
3901,664,665
3902,665,844
3903,666,667
3904,668,1204
3905,668,710
3906,668,711
3907,668,808
3908,67,119
3909,67,130
3910,67,1528
3911,67,1590
3912,67,225
3913,67,243
3914,67,244
3915,67,745
3916,670,887
3917,670,888
3918,671,1208
3919,671,672
3920,671,673
3921,671,981
3922,672,673
3923,674,1587
3924,674,759
3925,674,760
3926,674,874
3927,674,924
3928,677,724
3929,677,725
3930,679,680
3931,68,1021
3932,68,1093
3933,68,1094
3934,68,135
3935,68,696
3936,68,697
3937,681,1340
3938,681,682
3939,681,683
3940,681,684
3941,681,685
3942,681,891
3943,681,897
3944,681,898
3945,681,899
3946,682,1012
3947,682,1058
3948,682,1059
3949,682,1060
3950,682,1061
3951,682,1062
3952,682,1063
3953,682,1081
3954,682,1136
3955,682,1137
3956,682,1193
3957,682,1214
3958,682,1360
3959,682,1410
3960,682,1515
3961,682,683
3962,682,684
3963,682,685
3964,682,718
3965,682,777
3966,682,780
3967,682,782
3968,682,783
3969,682,854
3970,682,855
3971,682,856
3972,682,858
3973,682,865
3974,682,891
3975,682,968
3976,682,969
3977,682,970
3978,682,971
3979,682,972
3980,683,684
3981,684,1406
3982,684,1407
3983,684,1453
3984,684,1522
3985,684,1523
3986,684,1524
3987,684,687
3988,684,688
3989,684,723
3990,685,686
3991,685,687
3992,685,688
3993,685,777
3994,685,891
3995,685,897
3996,685,898
3997,685,899
3998,686,687
3999,686,688
4000,687,1406
4001,687,1407
4002,687,1524
4003,687,688
4004,688,1406
4005,688,1407
4006,688,1453
4007,688,1522
4008,688,1523
4009,688,723
4010,69,216
4011,69,223
4012,69,388
4013,69,703
4014,690,1516
4015,690,1517
4016,690,707
4017,690,708
4018,690,709
4019,690,753
4020,690,833
4021,690,923
4022,692,1000
4023,692,1061
4024,692,1120
4025,692,1279
4026,692,1367
4027,692,1368
4028,692,1369
4029,692,1370
4030,692,1371
4031,692,1372
4032,692,693
4033,692,719
4034,692,720
4035,692,721
4036,693,1061
4037,693,1081
4038,693,1261
4039,693,1262
4040,693,1263
4041,693,1367
4042,693,1368
4043,693,1369
4044,693,1370
4045,693,1371
4046,693,1372
4047,693,718
4048,693,719
4049,693,720
4050,693,721
4051,694,1210
4052,694,1211
4053,695,963
4054,696,697
4055,697,955
4056,699,700
4057,699,701
4058,70,214
4059,70,485
4060,700,701
4061,703,1421
4062,704,1378
4063,707,1516
4064,707,1517
4065,707,708
4066,707,709
4067,707,753
4068,707,833
4069,708,1057
4070,708,1218
4071,708,709
4072,708,993
4073,709,1516
4074,709,1517
4075,709,753
4076,709,833
4077,709,923
4078,71,1115
4079,71,1116
4080,71,1144
4081,71,133
4082,71,169
4083,71,170
4084,71,228
4085,71,299
4086,71,337
4087,71,447
4088,71,72
4089,71,73
4090,71,78
4091,71,79
4092,710,711
4093,710,712
4094,710,910
4095,711,1157
4096,712,746
4097,713,714
4098,714,1076
4099,714,1077
4100,714,1078
4101,714,1512
4102,714,1513
4103,715,731
4104,715,732
4105,716,1360
4106,716,1361
4107,716,1362
4108,716,1363
4109,716,1364
4110,716,717
4111,716,718
4112,716,723
4113,716,898
4114,716,900
4115,717,718
4116,718,1058
4117,718,1059
4118,718,1060
4119,718,1061
4120,718,1062
4121,718,1063
4122,718,1081
4123,718,1212
4124,718,1233
4125,718,1261
4126,718,1262
4127,718,1263
4128,718,1317
4129,718,1318
4130,718,1417
4131,718,783
4132,718,970
4133,718,975
4134,719,1061
4135,719,1317
4136,719,1367
4137,719,1368
4138,719,1369
4139,719,1370
4140,719,1371
4141,719,1372
4142,719,720
4143,719,721
4144,72,1115
4145,72,1116
4146,72,1144
4147,72,130
4148,72,133
4149,72,134
4150,72,169
4151,72,170
4152,72,73
4153,72,78
4154,72,79
4155,720,1061
4156,720,1317
4157,720,1367
4158,720,1368
4159,720,1369
4160,720,1370
4161,720,1371
4162,720,1372
4163,720,721
4164,721,1061
4165,721,1367
4166,721,1368
4167,721,1369
4168,721,1370
4169,721,1371
4170,721,1372
4171,722,723
4172,723,1058
4173,723,1360
4174,723,1361
4175,723,1362
4176,723,1363
4177,723,1364
4178,723,1370
4179,723,1453
4180,723,879
4181,723,898
4182,723,900
4183,723,901
4184,723,902
4185,723,903
4186,723,975
4187,724,725
4188,727,1205
4189,727,1223
4190,727,1224
4191,727,836
4192,727,837
4193,727,973
4194,727,974
4195,727,975
4196,727,976
4197,727,977
4198,727,978
4199,727,979
4200,727,980
4201,727,981
4202,728,1246
4203,728,1247
4204,728,1248
4205,729,730
4206,73,144
4207,73,734
4208,73,735
4209,73,78
4210,73,79
4211,73,80
4212,73,81
4213,73,914
4214,730,798
4215,731,1104
4216,731,732
4217,731,761
4218,734,735
4219,734,914
4220,735,914
4221,736,1140
4222,736,1519
4223,738,739
4224,738,741
4225,738,960
4226,739,741
4227,74,100
4228,74,136
4229,74,192
4230,74,493
4231,74,751
4232,74,986
4233,741,1280
4234,741,1281
4235,741,1285
4236,741,1287
4237,741,1288
4238,741,1289
4239,742,743
4240,742,744
4241,742,964
4242,745,1026
4243,745,1303
4244,745,767
4245,745,843
4246,746,1645
4247,746,849
4248,746,960
4249,746,961
4250,748,1412
4251,748,749
4252,748,750
4253,748,751
4254,748,867
4255,749,1412
4256,749,750
4257,749,751
4258,75,1422
4259,75,1481
4260,75,76
4261,750,751
4262,753,1516
4263,753,1517
4264,753,833
4265,755,1014
4266,755,756
4267,756,1014
4268,756,1015
4269,756,775
4270,756,953
4271,756,954
4272,757,758
4273,759,1341
4274,759,1506
4275,759,1626
4276,759,1627
4277,759,1628
4278,759,760
4279,759,761
4280,759,874
4281,759,946
4282,759,947
4283,759,981
4284,760,761
4285,760,874
4286,761,1104
4287,761,1587
4288,761,1617
4289,761,1618
4290,761,762
4291,763,764
4292,763,765
4293,763,766
4294,764,765
4295,764,766
4296,765,766
4297,766,1031
4298,766,1176
4299,766,1208
4300,766,1431
4301,766,1445
4302,766,1557
4303,766,1558
4304,766,1574
4305,766,1607
4306,766,1609
4307,766,1610
4308,766,1611
4309,766,1612
4310,766,1613
4311,766,1615
4312,766,1616
4313,766,917
4314,766,931
4315,766,975
4316,767,1533
4317,768,1146
4318,768,769
4319,768,838
4320,769,1146
4321,77,827
4322,77,828
4323,770,1461
4324,770,798
4325,770,958
4326,770,959
4327,772,1532
4328,772,1565
4329,773,774
4330,774,911
4331,775,953
4332,775,954
4333,777,1087
4334,777,1136
4335,777,1184
4336,777,1185
4337,777,1186
4338,777,1187
4339,777,1514
4340,777,1515
4341,777,1637
4342,777,778
4343,777,779
4344,777,780
4345,777,781
4346,777,782
4347,777,783
4348,777,784
4349,777,785
4350,777,875
4351,777,876
4352,777,891
4353,777,899
4354,778,779
4355,778,780
4356,778,781
4357,778,782
4358,778,783
4359,778,784
4360,778,785
4361,779,1080
4362,779,1081
4363,779,1082
4364,779,1083
4365,779,1084
4366,779,1085
4367,779,1086
4368,779,1087
4369,779,780
4370,779,781
4371,779,782
4372,779,783
4373,779,784
4374,779,785
4375,779,802
4376,78,144
4377,78,79
4378,78,80
4379,78,81
4380,780,1052
4381,780,1053
4382,780,1336
4383,780,1418
4384,780,1419
4385,780,1515
4386,780,1637
4387,780,781
4388,780,782
4389,780,783
4390,780,784
4391,780,785
4392,780,854
4393,780,873
4394,780,975
4395,781,1271
4396,781,1272
4397,781,1273
4398,781,1274
4399,781,1275
4400,781,1276
4401,781,1277
4402,781,1278
4403,781,782
4404,781,783
4405,781,784
4406,781,785
4407,781,998
4408,782,1515
4409,782,783
4410,782,784
4411,782,785
4412,783,1058
4413,783,1059
4414,783,1060
4415,783,1061
4416,783,1062
4417,783,1063
4418,783,1212
4419,783,784
4420,783,785
4421,783,885
4422,783,970
4423,784,785
4424,787,1646
4425,788,789
4426,79,144
4427,79,80
4428,79,81
4429,791,1447
4430,791,1448
4431,794,795
4432,794,796
4433,795,796
4434,797,1450
4435,797,933
4436,797,948
4437,797,949
4438,798,1461
4439,799,800
4440,8,254
4441,8,255
4442,8,267
4443,8,28
4444,8,9
4445,80,1172
4446,80,1556
4447,80,196
4448,80,271
4449,80,401
4450,80,495
4451,80,676
4452,80,81
4453,80,84
4454,80,93
4455,801,895
4456,802,1080
4457,802,1081
4458,802,1082
4459,802,1083
4460,802,1084
4461,802,1085
4462,802,1086
4463,802,1087
4464,803,1444
4465,803,1445
4466,803,1446
4467,803,804
4468,805,1096
4469,805,806
4470,805,807
4471,806,807
4472,806,809
4473,807,809
4474,81,1109
4475,81,1236
4476,81,1237
4477,81,271
4478,81,495
4479,81,930
4480,810,811
4481,811,1529
4482,811,948
4483,811,949
4484,812,1130
4485,812,813
4486,812,882
4487,814,815
4488,816,817
4489,816,818
4490,816,819
4491,816,820
4492,816,821
4493,817,818
4494,817,819
4495,817,820
4496,817,821
4497,818,819
4498,818,820
4499,818,821
4500,819,820
4501,819,821
4502,82,1225
4503,82,256
4504,82,265
4505,820,821
4506,822,1001
4507,822,1135
4508,822,1147
4509,822,1148
4510,822,1149
4511,822,1473
4512,822,1638
4513,824,825
4514,824,826
4515,825,1315
4516,825,1341
4517,825,1401
4518,825,1482
4519,825,1483
4520,825,1484
4521,825,1485
4522,825,1486
4523,825,1487
4524,825,1488
4525,825,1489
4526,825,1490
4527,825,1491
4528,825,1492
4529,825,1493
4530,825,1494
4531,825,1495
4532,825,1496
4533,825,1497
4534,825,1498
4535,825,1499
4536,825,1500
4537,825,1501
4538,825,1502
4539,825,1503
4540,825,1504
4541,825,1505
4542,825,826
4543,825,831
4544,825,957
4545,827,828
4546,829,1018
4547,829,1019
4548,83,84
4549,83,85
4550,830,1269
4551,831,1315
4552,831,1341
4553,831,1375
4554,831,1401
4555,831,1482
4556,831,1483
4557,831,1484
4558,831,1485
4559,831,1486
4560,831,1487
4561,831,1488
4562,831,1489
4563,831,1490
4564,831,1491
4565,831,1492
4566,831,1493
4567,831,1494
4568,831,1495
4569,831,1496
4570,831,1497
4571,831,1498
4572,831,1499
4573,831,1500
4574,831,1501
4575,831,1502
4576,831,1503
4577,831,1504
4578,831,1505
4579,831,832
4580,831,957
4581,832,1139
4582,833,1132
4583,833,1516
4584,833,1517
4585,834,835
4586,836,837
4587,838,839
4588,84,1556
4589,84,211
4590,84,85
4591,840,841
4592,840,842
4593,841,842
4594,845,857
4595,845,858
4596,845,859
4597,846,1386
4598,846,1573
4599,846,1574
4600,846,847
4601,846,848
4602,849,1071
4603,849,1072
4604,849,1645
4605,85,378
4606,850,851
4607,850,852
4608,850,853
4609,851,852
4610,851,853
4611,852,853
4612,854,1336
4613,854,1346
4614,854,1347
4615,854,1418
4616,854,1419
4617,854,855
4618,854,856
4619,854,873
4620,854,874
4621,854,975
4622,855,856
4623,856,1005
4624,856,1068
4625,856,1151
4626,856,1152
4627,856,1153
4628,856,1154
4629,856,1155
4630,856,1156
4631,856,1157
4632,856,1158
4633,856,1159
4634,856,1160
4635,857,858
4636,858,865
4637,858,968
4638,858,969
4639,858,970
4640,858,971
4641,858,972
4642,86,146
4643,86,147
4644,86,87
4645,86,88
4646,860,861
4647,860,862
4648,860,863
4649,860,864
4650,860,865
4651,860,866
4652,861,862
4653,861,863
4654,861,864
4655,861,865
4656,861,866
4657,862,863
4658,862,864
4659,862,865
4660,862,866
4661,863,864
4662,863,865
4663,863,866
4664,864,865
4665,864,866
4666,865,866
4667,865,968
4668,865,969
4669,865,970
4670,865,971
4671,865,972
4672,867,868
4673,869,1173
4674,869,1614
4675,869,870
4676,869,871
4677,869,930
4678,87,88
4679,870,871
4680,871,1117
4681,873,1336
4682,873,1346
4683,873,1347
4684,873,1554
4685,873,1555
4686,873,874
4687,873,975
4688,874,1336
4689,874,1346
4690,874,1347
4691,874,975
4692,875,876
4693,877,878
4694,879,900
4695,879,901
4696,879,902
4697,879,903
4698,880,881
4699,880,983
4700,880,984
4701,880,985
4702,882,1129
4703,882,1130
4704,882,1189
4705,882,883
4706,882,933
4707,882,934
4708,883,1350
4709,883,1525
4710,884,1065
4711,884,1249
4712,884,1250
4713,884,1251
4714,887,888
4715,889,1341
4716,89,139
4717,89,1426
4718,89,212
4719,89,213
4720,89,214
4721,89,215
4722,89,444
4723,89,90
4724,890,1054
4725,890,1055
4726,890,1292
4727,890,994
4728,891,1193
4729,891,1340
4730,891,1360
4731,891,1410
4732,891,900
4733,892,1089
4734,892,1090
4735,892,1091
4736,892,1110
4737,892,1111
4738,892,1112
4739,892,1113
4740,893,894
4741,894,1128
4742,894,1439
4743,894,1440
4744,897,898
4745,897,899
4746,898,1360
4747,898,1361
4748,898,1362
4749,898,1363
4750,898,1364
4751,898,899
4752,898,900
4753,899,1087
4754,90,139
4755,90,1426
4756,90,444
4757,900,1360
4758,900,1361
4759,900,1362
4760,900,1363
4761,900,1364
4762,900,1370
4763,900,901
4764,900,902
4765,900,903
4766,901,902
4767,901,903
4768,902,1597
4769,902,1598
4770,902,1599
4771,902,1600
4772,902,1601
4773,902,1602
4774,902,1603
4775,902,903
4776,905,906
4777,905,907
4778,906,907
4779,907,1009
4780,907,1476
4781,908,909
4782,91,148
4783,91,225
4784,91,421
4785,91,432
4786,91,438
4787,91,439
4788,913,914
4789,914,1463
4790,914,1464
4791,914,930
4792,915,916
4793,915,917
4794,915,918
4795,915,919
4796,916,1050
4797,916,1442
4798,916,1540
4799,916,1541
4800,916,1542
4801,916,1543
4802,916,1544
4803,916,1545
4804,916,1546
4805,916,1550
4806,916,917
4807,916,918
4808,916,919
4809,917,1031
4810,917,1208
4811,917,1427
4812,917,1428
4813,917,1429
4814,917,1430
4815,917,1431
4816,917,1432
4817,917,1445
4818,917,1610
4819,917,1611
4820,917,1612
4821,917,1615
4822,917,1616
4823,917,918
4824,917,919
4825,917,931
4826,917,975
4827,918,919
4828,92,93
4829,924,1587
4830,925,926
4831,925,927
4832,925,928
4833,925,929
4834,926,1392
4835,926,1632
4836,926,927
4837,926,928
4838,926,929
4839,927,928
4840,927,929
4841,928,929
4842,93,1259
4843,93,676
4844,930,1109
4845,930,1173
4846,930,1236
4847,930,1237
4848,930,1463
4849,930,1464
4850,930,1614
4851,931,1031
4852,931,1208
4853,931,1431
4854,931,1445
4855,931,1610
4856,931,1611
4857,931,1612
4858,931,1615
4859,931,1616
4860,931,975
4861,933,1129
4862,933,1189
4863,933,934
4864,933,987
4865,934,1189
4866,934,987
4867,938,1131
4868,938,1351
4869,938,939
4870,94,1437
4871,94,153
4872,94,377
4873,94,463
4874,94,464
4875,94,467
4876,94,468
4877,94,469
4878,94,492
4879,94,95
4880,941,1125
4881,941,1126
4882,941,1397
4883,941,942
4884,942,1397
4885,944,945
4886,946,947
4887,948,1529
4888,948,949
4889,949,1099
4890,949,1327
4891,949,1529
4892,95,1437
4893,95,1472
4894,95,203
4895,95,320
4896,95,376
4897,95,845
4898,95,857
4899,95,858
4900,95,859
4901,953,954
4902,957,1315
4903,957,1341
4904,957,1401
4905,957,1482
4906,957,1483
4907,957,1484
4908,957,1485
4909,957,1486
4910,957,1487
4911,957,1488
4912,957,1489
4913,957,1490
4914,957,1491
4915,957,1492
4916,957,1493
4917,957,1494
4918,957,1495
4919,957,1496
4920,957,1497
4921,957,1498
4922,957,1499
4923,957,1500
4924,957,1501
4925,957,1502
4926,957,1503
4927,957,1504
4928,957,1505
4929,957,1629
4930,957,1630
4931,958,959
4932,96,1143
4933,96,143
4934,96,172
4935,96,886
4936,960,961
4937,965,1319
4938,968,969
4939,968,970
4940,968,971
4941,968,972
4942,969,970
4943,969,971
4944,969,972
4945,97,1252
4946,97,1303
4947,97,137
4948,97,1422
4949,97,1534
4950,97,236
4951,97,273
4952,97,302
4953,97,642
4954,97,643
4955,97,745
4956,970,1058
4957,970,1059
4958,970,1060
4959,970,1061
4960,970,1062
4961,970,1063
4962,970,971
4963,970,972
4964,971,972
4965,973,974
4966,973,975
4967,973,976
4968,973,977
4969,973,978
4970,973,979
4971,973,980
4972,974,1033
4973,974,1048
4974,974,1049
4975,974,1050
4976,974,1051
4977,974,975
4978,974,976
4979,974,977
4980,974,978
4981,974,979
4982,974,980
4983,975,1031
4984,975,1058
4985,975,1137
4986,975,1208
4987,975,1317
4988,975,1318
4989,975,1336
4990,975,1346
4991,975,1347
4992,975,1431
4993,975,1445
4994,975,1610
4995,975,1611
4996,975,1612
4997,975,1615
4998,975,1616
4999,975,1619
5000,975,976
5001,975,977
5002,975,978
5003,975,979
5004,975,980
5005,976,1137
5006,976,1309
5007,976,1619
5008,976,977
5009,976,978
5010,976,979
5011,976,980
5012,977,978
5013,977,979
5014,977,980
5015,978,979
5016,978,980
5017,979,1033
5018,979,1034
5019,979,1035
5020,979,1036
5021,979,1037
5022,979,1038
5023,979,1039
5024,979,1208
5025,979,1223
5026,979,1607
5027,979,1608
5028,979,1609
5029,979,1610
5030,979,980
5031,979,981
5032,98,185
5033,981,1022
5034,981,1023
5035,981,1165
5036,981,1166
5037,981,1196
5038,981,1205
5039,981,1208
5040,981,1223
5041,981,1224
5042,981,1564
5043,981,1607
5044,981,1608
5045,981,1609
5046,981,1610
5047,981,1626
5048,981,1627
5049,981,1628
5050,983,984
5051,983,985
5052,984,985
5053,988,1208
5054,988,1228
5055,988,1229
5056,988,1230
5057,988,989
5058,988,990
5059,988,991
5060,988,992
5061,989,1337
5062,989,1537
5063,989,1538
5064,989,990
5065,989,991
5066,989,992
5067,99,100
5068,990,1208
5069,990,1328
5070,990,1329
5071,990,1330
5072,990,1331
5073,990,1332
5074,990,1333
5075,990,991
5076,990,992
5077,991,992
5078,992,1081
5079,992,1272
5080,992,1353
5081,992,1354
5082,992,1355
5083,992,1360
5084,992,1365
5085,994,1054
5086,994,1055
5087,994,1292
5088,998,1271
5089,998,1272
5090,998,1273
5091,998,1274
5092,998,1275
5093,998,1276
5094,998,1277
5095,998,1278
5096,999,1000
