0,1,1
1,1,2
2,1,3
3,1,4
4,1,5
5,1,6
6,1,7
7,1,8
8,1,9
9,1,10
10,1,11
11,1,12
12,223,4
13,311,5
14,311,3
15,311,2
16,716,4
17,736,1
18,743,7
19,777,11
20,785,11
21,789,11
22,835,5
23,835,2
24,888,11
25,910,2
26,910,4
27,916,11
28,917,11
29,918,11
30,919,11
31,920,11
32,921,11
33,922,11
34,923,11
35,924,11
36,925,11
37,926,11
38,927,11
39,928,11
40,929,11
41,930,11
42,931,11
43,932,11
44,933,11
45,934,11
46,935,11
47,936,11
48,937,11
49,938,11
50,939,11
51,940,11
52,941,11
53,942,11
54,943,11
55,944,11
56,945,11
57,946,11
58,947,11
59,948,11
60,949,11
61,950,11
62,951,11
63,952,11
64,953,11
65,954,11
66,955,11
67,956,11
68,957,11
69,958,11
70,959,11
71,960,11
72,961,11
73,963,11
74,964,11
75,965,11
76,966,11
77,967,11
78,968,11
79,969,11
80,970,11
81,971,11
82,972,11
83,973,11
84,974,11
85,975,11
86,976,11
87,977,11
88,978,11
89,979,11
90,980,11
91,981,11
92,982,11
93,983,11
94,984,11
95,986,11
96,987,11
97,988,11
98,989,11
99,990,11
100,991,11
101,992,11
102,993,11
103,994,11
104,995,11
105,996,11
106,997,11
107,998,11
108,999,11
109,1000,11
110,1001,11
111,1002,11
112,1003,11
113,1071,2
114,1143,8
115,1144,4
116,1144,11
117,1158,1
118,1165,5
119,1179,1
120,1179,4
121,1179,7
122,1182,1
123,1183,1
124,1190,2
125,1190,5
126,1190,3
127,1190,4
128,1200,1
129,1200,2
130,1210,7
131,1210,8
132,1210,4
133,1211,2
134,1211,3
135,1213,10
136,1215,1
137,1228,1
138,1228,8
139,1228,6
140,1229,4
141,1230,11
142,1243,3
143,1287,1
144,1296,11
145,1343,3
146,1383,2
147,1383,3
148,1383,4
149,1417,6
150,1480,11
151,1580,8
152,1580,6
153,1742,3
154,311,459
155,311,460
156,311,81
157,311,461
158,311,462
159,311,463
160,311,464
161,311,465
162,311,466
163,311,467
164,311,468
165,311,469
166,311,470
167,311,471
168,716,759
169,716,760
170,716,465
171,716,761
172,716,762
173,716,763
174,716,764
175,716,765
176,736,464
177,736,786
178,736,787
179,736,788
180,743,794
181,743,795
182,835,859
183,835,860
184,835,861
185,835,460
186,835,862
187,835,863
188,835,864
189,835,794
190,835,865
191,835,866
192,835,867
193,910,901
194,910,459
195,987,678
196,1001,678
197,1071,933
198,1071,934
199,1071,935
200,1071,760
201,1143,862
202,1143,525
203,1144,978
204,1144,459
205,1144,759
206,1144,979
207,1144,922
208,1144,461
209,1158,833
210,1158,986
211,1158,761
212,1158,463
213,1158,863
214,1158,977
215,1158,987
216,1158,931
217,1179,994
218,1179,833
219,1179,761
220,1179,987
221,1182,995
222,1182,996
223,1182,997
224,1182,994
225,1183,998
226,1183,994
227,1190,1002
228,1190,1003
229,1190,1004
230,1190,759
231,1190,1005
232,1190,1006
233,1190,1007
234,1190,853
235,1190,833
236,1200,460
237,1200,1012
238,1200,1013
239,1200,1014
240,1200,833
241,1210,986
242,1210,1018
243,1210,1019
244,1210,1005
245,1210,1020
246,1210,1021
247,1210,1022
248,1210,833
249,1211,1023
250,1211,986
251,1211,1021
252,1211,1024
253,1211,833
254,1213,1025
255,1213,1026
256,1215,1028
257,1215,1012
258,1228,460
259,1228,1032
260,1228,1005
261,1228,1033
262,1228,833
263,1229,459
264,1229,1012
265,1229,901
266,1243,759
267,1287,833
268,1287,1012
269,1343,1082
270,1343,1083
271,1343,832
272,1343,1084
273,1343,525
274,1343,1085
275,1343,1086
276,1383,1002
277,1383,1083
278,1383,460
279,1383,1018
280,1383,1084
281,1383,525
282,1383,84
283,1383,774
284,1383,862
285,1383,833
286,1417,464
287,1580,760
288,1580,1208
289,1580,1024
290,1742,921
291,1742,1262
292,1742,698
293,1742,462
294,1742,975
295,1742,1030
296,1742,1267
297,1742,1268
298,1742,1269
299,1742,525
300,1742,1270
301,42,81
302,42,84
303,172,84
304,174,84
305,378,84
306,384,470
307,384,465
308,384,525
309,601,678
310,619,698
311,644,84
312,646,461
313,646,464
314,658,84
315,723,698
316,723,774
317,753,470
318,759,81
319,764,84
320,780,678
321,788,832
322,792,833
323,822,853
324,838,461
325,871,84
326,890,84
327,1025,921
328,1035,922
329,1037,464
330,1047,81
331,1063,764
332,1063,761
333,1065,931
334,1088,863
335,1089,864
336,1103,921
337,1111,470
338,1120,931
339,1140,975
340,1142,977
341,1147,469
342,1168,986
343,1224,975
344,1224,1030
345,1227,986
346,1242,459
347,1242,979
348,1254,678
349,1261,465
350,1273,464
351,1276,525
352,1289,678
353,1293,774
354,1345,463
355,1345,465
356,1345,931
357,1373,931
358,1423,459
359,1472,935
360,1496,931
361,1497,1083
362,1497,1003
363,1497,979
364,1514,864
365,1531,931
366,1679,468
367,1704,470
368,1736,1262
369,1758,459
370,1758,759
371,1758,979
372,1758,1013
373,1758,853
374,42,78
375,42,79
376,42,80
377,42,82
378,42,83
379,384,524
380,384,526
381,384,527
382,384,528
383,384,529
384,384,530
385,601,679
386,601,680
387,646,719
388,723,773
389,723,775
390,764,808
391,764,809
392,788,831
393,792,834
394,792,647
395,822,850
396,822,851
397,822,852
398,822,854
399,838,526
400,871,884
401,1063,930
402,1140,83
403,1168,991
404,1242,1044
405,1254,914
406,1261,1055
407,1289,1049
408,1345,82
409,1345,1075
410,1345,1087
411,1345,1088
412,1373,82
413,1373,813
414,1373,1087
415,1373,1102
416,1423,1132
417,1423,1133
418,1423,1134
419,1472,1151
420,1496,1162
421,1497,1163
422,1758,1275
423,1758,1163
424,1758,1276
425,1758,1044
426,1758,1133
427,1758,1277
428,1758,1134
429,1758,1278
430,565,647
431,727,775
432,770,813
433,809,813
434,851,524
435,857,775
436,861,524
437,1021,914
438,1024,82
439,1045,647
440,1080,813
441,1087,82
442,1159,813
443,1221,80
444,1252,914
445,1253,1049
446,1255,1049
447,1256,914
448,1257,1049
449,1259,1049
450,1270,529
451,1272,524
452,1288,914
453,1290,1049
454,1294,1049
455,1295,1049
456,1298,1049
457,1319,1075
458,1341,775
459,1404,773
460,1450,524
461,1455,1049
462,1473,82
463,1532,82
464,1536,1087
465,1579,80
466,1579,78
467,1676,1151
468,1684,775
469,1709,79
470,1709,78
471,1744,991
472,1755,647
473,1759,1276
474,727,780
475,1159,22
476,1253,1050
477,1256,483
478,1257,1051
479,1259,1052
480,1259,1053
481,1259,1054
482,1295,1066
483,1341,1081
484,1579,1206
485,1579,1207
486,1759,952
487,1759,1035
488,1759,1279
489,6,22
490,79,22
491,324,483
492,325,483
493,326,483
494,327,483
495,328,483
496,329,483
497,330,483
498,332,483
499,335,483
500,336,483
501,337,483
502,338,483
503,339,483
504,345,483
505,346,483
506,347,483
507,398,483
508,399,483
509,400,483
510,409,483
511,410,483
512,412,483
513,413,483
514,414,483
515,415,483
516,416,483
517,417,483
518,419,483
519,431,483
520,432,483
521,433,483
522,434,483
523,435,483
524,438,483
525,439,483
526,441,483
527,442,483
528,444,483
529,445,483
530,446,483
531,447,483
532,450,483
533,451,483
534,453,483
535,455,483
536,456,483
537,457,483
538,468,483
539,469,483
540,493,483
541,494,483
542,495,483
543,496,483
544,497,483
545,620,22
546,655,22
547,667,22
548,798,483
549,878,22
550,1094,952
551,1167,22
552,1169,22
553,1171,22
554,1175,22
555,1180,22
556,1233,1035
557,1258,780
558,1309,22
559,1347,22
560,1371,483
561,1400,22
562,1540,22
563,1557,483
564,1561,483
565,1566,483
566,1569,483
567,1570,483
568,1572,483
569,1577,483
570,1581,483
571,1582,483
572,1583,483
573,1593,483
574,1598,483
575,1606,483
576,1607,483
577,1611,483
578,1619,483
579,1630,483
580,1650,483
581,1666,483
582,1675,483
583,1711,22
584,1714,483
585,79,141
586,79,142
587,79,143
588,336,487
589,336,488
590,337,57
591,339,489
592,345,494
593,410,545
594,798,837
595,798,500
596,798,391
597,798,41
598,1094,951
599,1167,990
600,1167,735
601,1581,1209
602,1593,746
603,1666,1238
604,1714,216
605,22,41
606,29,41
607,32,57
608,123,216
609,247,391
610,355,500
611,394,57
612,401,57
613,418,57
614,437,57
615,440,57
616,443,489
617,448,489
618,471,489
619,597,391
620,598,141
621,651,141
622,665,57
623,676,735
624,695,746
625,725,391
626,738,141
627,740,735
628,746,142
629,746,143
630,796,57
631,807,735
632,818,746
633,841,142
634,841,143
635,844,141
636,886,57
637,1030,735
638,1060,216
639,1062,57
640,1110,41
641,1251,57
642,1311,488
643,1327,57
644,1364,141
645,1399,489
646,1403,57
647,1482,57
648,1510,500
649,1515,216
650,1556,57
651,1560,735
652,1575,489
653,1575,57
654,1584,57
655,1595,57
656,1597,489
657,1653,216
658,1701,735
659,1715,57
660,1746,57
661,22,21
662,22,40
663,29,55
664,123,217
665,123,113
666,123,218
667,247,77
668,448,484
669,597,676
670,598,677
671,651,721
672,676,736
673,695,745
674,695,368
675,740,588
676,818,19
677,818,804
678,818,805
679,818,382
680,841,868
681,1060,292
682,1062,567
683,1110,966
684,1311,1071
685,1364,1097
686,1364,1098
687,1482,629
688,1510,1172
689,1515,730
690,1575,317
691,1575,822
692,1595,1212
693,1653,1041
694,1701,767
695,1746,1189
696,4,19
697,5,21
698,12,21
699,14,21
700,18,21
701,41,77
702,59,113
703,133,218
704,170,292
705,190,317
706,218,19
707,226,19
708,232,368
709,243,382
710,320,55
711,331,484
712,397,484
713,402,484
714,411,484
715,436,484
716,449,484
717,452,484
718,454,484
719,481,567
720,499,382
721,505,317
722,510,588
723,547,629
724,553,218
725,577,218
726,585,292
727,599,218
728,615,588
729,625,21
730,669,730
731,672,588
732,680,368
733,697,21
734,697,40
735,699,55
736,702,368
737,707,368
738,719,767
739,751,629
740,760,804
741,760,19
742,760,805
743,760,382
744,779,822
745,783,767
746,817,19
747,823,77
748,833,19
749,848,382
750,859,868
751,860,77
752,872,382
753,912,730
754,962,19
755,1079,19
756,1079,805
757,1097,730
758,1106,77
759,1132,736
760,1149,382
761,1152,730
762,1156,21
763,1202,736
764,1239,1041
765,1291,484
766,1301,822
767,1310,805
768,1310,629
769,1349,730
770,1350,730
771,1387,736
772,1392,822
773,1432,21
774,1454,767
775,1465,382
776,1470,55
777,1490,21
778,1512,767
779,1544,382
780,1550,55
781,1552,1189
782,1563,822
783,1586,77
784,1588,822
785,1608,382
786,1648,676
787,1664,588
788,1667,484
789,1674,382
790,1681,218
791,1732,21
792,4,18
793,4,20
794,12,28
795,12,29
796,14,30
797,18,35
798,18,36
799,41,75
800,41,76
801,59,112
802,59,114
803,133,153
804,170,290
805,170,291
806,170,293
807,218,354
808,218,355
809,232,366
810,232,367
811,243,381
812,243,383
813,243,254
814,320,125
815,320,383
816,320,52
817,331,485
818,449,549
819,481,70
820,481,195
821,499,573
822,505,581
823,505,582
824,547,482
825,553,634
826,553,635
827,585,666
828,585,419
829,599,221
830,669,301
831,672,733
832,680,559
833,680,163
834,680,195
835,680,97
836,680,737
837,702,750
838,702,406
839,702,195
840,707,240
841,707,755
842,751,800
843,783,754
844,833,480
845,860,873
846,872,573
847,962,906
848,962,907
849,1097,542
850,1106,960
851,1106,961
852,1132,297
853,1132,298
854,1239,1040
855,1291,1046
856,1349,753
857,1392,1119
858,1432,800
859,1470,339
860,1470,279
861,1470,280
862,1490,1159
863,1512,507
864,1512,824
865,1586,893
866,1648,1231
867,1648,1232
868,1667,1130
869,1674,1240
870,1674,573
871,1732,133
872,27,52
873,39,70
874,50,97
875,66,125
876,73,133
877,89,153
878,94,163
879,111,195
880,125,221
881,141,240
882,141,195
883,147,254
884,163,52
885,165,279
886,165,280
887,165,52
888,173,297
889,173,298
890,176,301
891,192,29
892,196,301
893,199,97
894,200,195
895,205,339
896,230,195
897,235,195
898,241,195
899,251,153
900,258,163
901,263,290
902,266,406
903,267,195
904,271,195
905,276,419
906,281,70
907,305,30
908,322,280
909,323,480
910,323,482
911,348,280
912,363,507
913,396,542
914,403,195
915,473,559
916,483,70
917,490,52
918,511,153
919,526,280
920,531,297
921,531,298
922,543,195
923,557,70
924,559,153
925,561,163
926,567,406
927,567,195
928,570,153
929,572,367
930,586,419
931,589,52
932,600,482
933,600,480
934,632,195
935,635,419
936,650,383
937,663,240
938,668,301
939,674,195
940,688,559
941,703,52
942,704,753
943,705,559
944,706,754
945,718,383
946,732,297
947,732,298
948,758,279
949,758,280
950,781,824
951,804,339
952,826,153
953,834,52
954,889,893
955,907,800
956,1020,482
957,1036,754
958,1038,367
959,1051,195
960,1052,195
961,1056,559
962,1081,52
963,1083,582
964,1114,383
965,1136,297
966,1136,298
967,1148,52
968,1160,279
969,1161,824
970,1170,824
971,1185,582
972,1199,153
973,1214,280
974,1219,18
975,1235,52
976,1245,52
977,1245,125
978,1249,1046
979,1250,485
980,1281,254
981,1314,482
982,1315,125
983,1318,301
984,1320,893
985,1325,30
986,1334,297
987,1334,298
988,1352,52
989,1369,367
990,1377,297
991,1377,298
992,1398,482
993,1410,301
994,1415,240
995,1416,279
996,1418,279
997,1420,1130
998,1462,419
999,1525,75
1000,1535,240
1001,1543,75
1002,1543,76
1003,1564,542
1004,1599,893
1005,1600,893
1006,1602,153
1007,1631,893
1008,1634,163
1009,1639,559
1010,1641,195
1011,1644,153
1012,1651,52
1013,1668,195
1014,1677,366
1015,1688,482
1016,1691,339
1017,1693,339
1018,1712,195
1019,1730,195
1020,1761,18
1021,1764,893
1022,27,49
1023,27,50
1024,27,51
1025,27,53
1026,39,69
1027,39,67
1028,39,68
1029,39,71
1030,50,96
1031,66,126
1032,73,134
1033,89,154
1034,89,155
1035,89,156
1036,94,161
1037,94,162
1038,94,164
1039,111,196
1040,111,197
1041,141,239
1042,141,241
1043,141,242
1044,141,243
1045,141,244
1046,141,245
1047,141,211
1048,141,246
1049,141,105
1050,147,85
1051,147,255
1052,147,256
1053,147,257
1054,173,295
1055,173,296
1056,192,320
1057,192,321
1058,196,325
1059,196,326
1060,196,327
1061,196,328
1062,196,329
1063,199,331
1064,200,332
1065,200,333
1066,205,338
1067,235,180
1068,241,332
1069,241,196
1070,251,337
1071,251,154
1072,258,399
1073,267,407
1074,267,88
1075,271,412
1076,276,418
1077,276,420
1078,276,421
1079,281,424
1080,281,425
1081,281,426
1082,281,427
1083,281,428
1084,281,429
1085,323,481
1086,403,543
1087,403,333
1088,483,474
1089,511,589
1090,511,590
1091,531,612
1092,531,613
1093,543,333
1094,557,639
1095,557,402
1096,559,643
1097,559,154
1098,567,228
1099,570,154
1100,570,651
1101,572,652
1102,572,653
1103,586,207
1104,589,668
1105,589,23
1106,600,481
1107,632,333
1108,632,706
1109,632,309
1110,688,742
1111,703,709
1112,703,577
1113,704,751
1114,704,752
1115,705,404
1116,706,25
1117,758,330
1118,758,803
1119,758,563
1120,781,823
1121,804,841
1122,804,370
1123,1036,58
1124,1038,158
1125,1051,332
1126,1051,927
1127,1051,594
1128,1052,332
1129,1052,927
1130,1056,495
1131,1114,968
1132,1114,606
1133,1136,973
1134,1148,286
1135,1170,717
1136,1199,154
1137,1214,1027
1138,1235,835
1139,1235,1036
1140,1250,1047
1141,1250,1048
1142,1314,1072
1143,1314,1073
1144,1315,1074
1145,1315,50
1146,1315,508
1147,1334,717
1148,1410,939
1149,1410,1127
1150,1410,972
1151,1416,330
1152,1416,803
1153,1416,563
1154,1418,803
1155,1462,1045
1156,1525,157
1157,1535,1179
1158,1535,378
1159,1535,1180
1160,1535,308
1161,1543,505
1162,1564,1199
1163,1564,1200
1164,1602,223
1165,1602,1213
1166,1602,1126
1167,1634,228
1168,1634,351
1169,1639,211
1170,1639,170
1171,1641,1227
1172,1644,1229
1173,1644,154
1174,1644,89
1175,1668,181
1176,1668,196
1177,1693,1242
1178,1730,333
1179,1730,1260
1180,7,23
1181,8,25
1182,33,58
1183,38,67
1184,38,68
1185,44,85
1186,46,88
1187,47,89
1188,56,105
1189,77,51
1190,83,49
1191,90,67
1192,92,157
1193,93,158
1194,97,170
1195,102,180
1196,103,181
1197,104,180
1198,110,162
1199,110,161
1200,116,207
1201,117,156
1202,118,88
1203,121,161
1204,121,162
1205,121,211
1206,127,223
1207,130,228
1208,134,156
1209,135,196
1210,135,211
1211,140,156
1212,144,58
1213,148,58
1214,168,286
1215,180,308
1216,182,309
1217,188,181
1218,198,330
1219,203,337
1220,204,309
1221,207,328
1222,212,309
1223,214,181
1224,216,351
1225,217,180
1226,224,67
1227,229,331
1228,234,370
1229,240,378
1230,250,211
1231,255,156
1232,256,155
1233,257,156
1234,260,243
1235,261,402
1236,262,180
1237,264,404
1238,273,404
1239,274,96
1240,278,161
1241,278,162
1242,279,181
1243,286,337
1244,297,404
1245,304,428
1246,316,474
1247,318,68
1248,318,67
1249,341,286
1250,349,495
1251,354,71
1252,359,505
1253,362,330
1254,364,508
1255,375,181
1256,375,399
1257,377,327
1258,377,309
1259,382,85
1260,385,162
1261,385,161
1262,386,161
1263,386,162
1264,388,399
1265,421,286
1266,463,223
1267,463,211
1268,464,332
1269,472,337
1270,478,246
1271,478,563
1272,484,474
1273,501,577
1274,504,295
1275,504,296
1276,507,404
1277,509,331
1278,514,594
1279,515,577
1280,521,407
1281,523,606
1282,534,170
1283,534,399
1284,535,155
1285,536,327
1286,539,370
1287,545,207
1288,546,326
1289,550,67
1290,556,156
1291,564,639
1292,569,425
1293,579,67
1294,579,68
1295,581,211
1296,590,211
1297,621,668
1298,627,428
1299,629,89
1300,636,709
1301,642,67
1302,645,717
1303,660,495
1304,661,161
1305,661,162
1306,664,67
1307,677,50
1308,681,85
1309,685,68
1310,685,67
1311,698,717
1312,711,49
1313,715,49
1314,721,296
1315,721,295
1316,724,67
1317,729,495
1318,735,606
1319,754,51
1320,769,71
1321,772,49
1322,778,309
1323,790,228
1324,793,85
1325,797,835
1326,799,332
1327,806,508
1328,812,49
1329,824,378
1330,825,49
1331,827,246
1332,828,286
1333,839,563
1334,855,85
1335,858,67
1336,866,23
1337,868,606
1338,874,156
1339,877,89
1340,884,330
1341,885,23
1342,887,286
1343,892,49
1344,896,835
1345,899,286
1346,905,246
1347,914,639
1348,915,49
1349,1004,96
1350,1005,420
1351,1006,402
1352,1014,246
1353,1029,246
1354,1033,156
1355,1049,58
1356,1064,49
1357,1068,653
1358,1076,295
1359,1076,296
1360,1082,939
1361,1092,286
1362,1096,337
1363,1109,96
1364,1121,286
1365,1130,972
1366,1145,68
1367,1145,67
1368,1163,155
1369,1177,255
1370,1191,161
1371,1191,162
1372,1206,25
1373,1226,717
1374,1237,1036
1375,1237,835
1376,1241,973
1377,1248,1045
1378,1262,67
1379,1263,67
1380,1264,67
1381,1266,508
1382,1267,331
1383,1267,23
1384,1271,331
1385,1312,370
1386,1313,428
1387,1321,58
1388,1323,161
1389,1323,162
1390,1333,338
1391,1338,968
1392,1339,155
1393,1357,69
1394,1359,85
1395,1361,594
1396,1365,717
1397,1370,594
1398,1374,594
1399,1378,69
1400,1380,412
1401,1381,412
1402,1390,429
1403,1406,327
1404,1407,1036
1405,1407,1126
1406,1408,1036
1407,1425,751
1408,1425,752
1409,1430,96
1410,1431,399
1411,1434,158
1412,1442,85
1413,1443,85
1414,1449,412
1415,1451,85
1416,1453,428
1417,1458,181
1418,1477,196
1419,1479,181
1420,1485,67
1421,1487,155
1422,1488,67
1423,1493,474
1424,1494,331
1425,1495,246
1426,1503,639
1427,1503,155
1428,1505,639
1429,1516,639
1430,1518,49
1431,1526,180
1432,1530,309
1433,1537,49
1434,1541,835
1435,1545,286
1436,1548,58
1437,1554,71
1438,1573,89
1439,1589,331
1440,1590,228
1441,1603,223
1442,1609,245
1443,1622,835
1444,1622,1036
1445,1626,577
1446,1628,68
1447,1635,211
1448,1637,309
1449,1640,245
1450,1660,835
1451,1660,1036
1452,1663,85
1453,1670,594
1454,1672,370
1455,1680,337
1456,1682,89
1457,1687,89
1458,1696,309
1459,1697,338
1460,1700,1047
1461,1702,67
1462,1702,1229
1463,1706,89
1464,1713,835
1465,1718,158
1466,1720,404
1467,1728,156
1468,1729,309
1469,1739,706
1470,1751,67
1471,1762,286
1472,1768,181
1473,1770,668
1474,1771,51
1475,1771,606
1476,8,24
1477,33,59
1478,46,87
1479,47,90
1480,77,138
1481,77,139
1482,77,140
1483,92,39
1484,93,159
1485,93,160
1486,104,182
1487,104,183
1488,116,182
1489,118,208
1490,127,210
1491,130,165
1492,130,229
1493,140,238
1494,168,285
1495,180,307
1496,198,260
1497,207,342
1498,216,352
1499,217,353
1500,229,364
1501,229,365
1502,240,377
1503,240,379
1504,240,91
1505,250,393
1506,250,394
1507,250,276
1508,255,397
1509,256,261
1510,257,398
1511,260,185
1512,260,401
1513,260,160
1514,261,363
1515,264,403
1516,274,416
1517,274,417
1518,274,101
1519,274,100
1520,278,423
1521,279,144
1522,297,446
1523,304,454
1524,318,476
1525,318,477
1526,318,415
1527,341,491
1528,362,260
1529,375,516
1530,377,518
1531,382,440
1532,385,405
1533,388,230
1534,388,124
1535,388,533
1536,463,165
1537,464,554
1538,472,558
1539,484,569
1540,501,436
1541,507,584
1542,507,585
1543,515,595
1544,515,596
1545,521,603
1546,521,604
1547,534,617
1548,535,616
1549,536,618
1550,536,619
1551,536,620
1552,536,616
1553,545,227
1554,545,626
1555,546,627
1556,546,628
1557,550,476
1558,581,662
1559,590,261
1560,590,669
1561,621,699
1562,642,715
1563,642,476
1564,642,477
1565,645,718
1566,661,725
1567,711,756
1568,721,769
1569,721,770
1570,721,771
1571,721,772
1572,769,393
1573,797,836
1574,799,111
1575,799,838
1576,812,756
1577,824,91
1578,824,855
1579,824,856
1580,827,857
1581,839,509
1582,858,872
1583,866,879
1584,866,880
1585,868,883
1586,874,886
1587,874,887
1588,874,888
1589,896,895
1590,899,896
1591,905,900
1592,905,857
1593,914,903
1594,915,904
1595,915,905
1596,915,675
1597,1004,908
1598,1004,186
1599,1005,909
1600,1006,261
1601,1014,857
1602,1029,857
1603,1033,548
1604,1033,632
1605,1076,938
1606,1082,731
1607,1109,964
1608,1109,965
1609,1130,149
1610,1163,988
1611,1163,251
1612,1177,993
1613,1191,724
1614,1191,723
1615,1226,1031
1616,1237,1039
1617,1241,575
1618,1262,476
1619,1263,1056
1620,1263,476
1621,1263,477
1622,1264,1057
1623,1271,1058
1624,1323,1076
1625,1333,1078
1626,1339,396
1627,1357,1092
1628,1357,1093
1629,1359,440
1630,1361,557
1631,1361,140
1632,1365,1099
1633,1370,98
1634,1370,260
1635,1370,807
1636,1378,1105
1637,1378,1010
1638,1378,1106
1639,1378,1011
1640,1378,1107
1641,1380,365
1642,1381,365
1643,1390,1114
1644,1407,497
1645,1408,497
1646,1431,1139
1647,1431,184
1648,1434,235
1649,1434,182
1650,1434,160
1651,1434,636
1652,1449,486
1653,1449,1145
1654,1451,1146
1655,1453,1147
1656,1453,1110
1657,1458,230
1658,1477,1153
1659,1479,1154
1660,1479,184
1661,1479,1155
1662,1485,715
1663,1493,1160
1664,1493,1161
1665,1495,609
1666,1503,1168
1667,1505,609
1668,1516,940
1669,1526,1176
1670,1530,422
1671,1537,1181
1672,1537,1182
1673,1541,1185
1674,1541,1186
1675,1603,1214
1676,1603,726
1677,1603,1215
1678,1603,536
1679,1609,1217
1680,1635,547
1681,1637,1222
1682,1640,1226
1683,1640,539
1684,1663,440
1685,1672,513
1686,1680,261
1687,1680,1241
1688,1682,261
1689,1718,300
1690,1720,1246
1691,1720,417
1692,1720,416
1693,1728,230
1694,1729,670
1695,1729,1258
1696,1729,212
1697,1729,1259
1698,1729,208
1699,1739,1264
1700,1739,1265
1701,1739,1230
1702,1739,1266
1703,1768,1282
1704,1768,108
1705,1771,1236
1706,21,39
1707,43,39
1708,48,91
1709,51,98
1710,53,100
1711,53,101
1712,57,108
1713,58,111
1714,65,124
1715,80,144
1716,85,149
1717,95,165
1718,106,184
1719,106,185
1720,107,186
1721,112,165
1722,120,210
1723,122,212
1724,129,227
1725,131,230
1726,131,124
1727,136,186
1728,136,235
1729,138,100
1730,138,101
1731,139,235
1732,145,251
1733,151,260
1734,152,261
1735,153,98
1736,161,261
1737,162,276
1738,175,300
1739,189,101
1740,211,98
1741,220,124
1742,222,229
1743,228,363
1744,236,101
1745,238,101
1746,238,100
1747,252,111
1748,253,396
1749,254,100
1750,254,101
1751,265,405
1752,272,415
1753,277,422
1754,289,436
1755,292,440
1756,298,101
1757,306,365
1758,310,260
1759,314,415
1760,321,39
1761,333,486
1762,351,39
1763,352,98
1764,353,497
1765,365,509
1766,371,513
1767,390,536
1768,390,182
1769,391,405
1770,392,405
1771,392,539
1772,425,276
1773,427,547
1774,429,548
1775,430,548
1776,462,554
1777,462,547
1778,467,557
1779,470,557
1780,475,101
1781,486,90
1782,500,575
1783,506,111
1784,516,39
1785,525,609
1786,527,39
1787,530,98
1788,532,165
1789,533,616
1790,552,632
1791,554,636
1792,555,100
1793,555,101
1794,560,165
1795,571,235
1796,578,229
1797,584,111
1798,587,165
1799,588,260
1800,591,670
1801,595,675
1802,596,675
1803,603,609
1804,611,609
1805,612,101
1806,614,609
1807,616,185
1808,626,609
1809,633,39
1810,634,98
1811,641,415
1812,652,98
1813,654,723
1814,654,724
1815,662,726
1816,670,731
1817,683,39
1818,712,98
1819,713,260
1820,720,285
1821,733,675
1822,749,365
1823,752,699
1824,761,363
1825,762,807
1826,776,609
1827,795,723
1828,801,229
1829,802,260
1830,803,98
1831,821,446
1832,846,285
1833,852,98
1834,853,98
1835,854,98
1836,895,98
1837,908,251
1838,1010,609
1839,1015,100
1840,1031,699
1841,1032,98
1842,1034,675
1843,1039,261
1844,1041,536
1845,1044,731
1846,1046,39
1847,1058,165
1848,1059,446
1849,1069,675
1850,1085,101
1851,1086,940
1852,1090,756
1853,1099,139
1854,1102,440
1855,1118,396
1856,1127,440
1857,1128,557
1858,1154,509
1859,1164,965
1860,1166,670
1861,1181,101
1862,1192,90
1863,1193,229
1864,1194,90
1865,1195,1010
1866,1195,1011
1867,1197,91
1868,1220,276
1869,1222,229
1870,1231,724
1871,1265,139
1872,1269,731
1873,1279,186
1874,1279,235
1875,1280,699
1876,1283,98
1877,1285,98
1878,1292,261
1879,1302,731
1880,1303,140
1881,1306,616
1882,1322,98
1883,1328,718
1884,1329,186
1885,1340,548
1886,1351,186
1887,1353,554
1888,1368,627
1889,1379,184
1890,1386,1110
1891,1388,1010
1892,1388,1011
1893,1388,377
1894,1391,724
1895,1391,723
1896,1393,365
1897,1411,98
1898,1427,251
1899,1429,724
1900,1436,440
1901,1438,509
1902,1441,111
1903,1457,39
1904,1460,636
1905,1460,111
1906,1464,539
1907,1481,900
1908,1483,509
1909,1491,1114
1910,1491,377
1911,1498,940
1912,1502,90
1913,1506,1146
1914,1507,100
1915,1509,965
1916,1513,124
1917,1522,98
1918,1523,1110
1919,1565,627
1920,1576,98
1921,1585,98
1922,1587,98
1923,1591,1114
1924,1594,616
1925,1601,547
1926,1612,415
1927,1614,554
1928,1614,144
1929,1615,261
1930,1617,731
1931,1618,536
1932,1625,101
1933,1632,101
1934,1636,229
1935,1643,394
1936,1645,1230
1937,1647,726
1938,1657,377
1939,1657,261
1940,1661,1236
1941,1685,756
1942,1686,965
1943,1690,98
1944,1694,98
1945,1708,718
1946,1710,595
1947,1717,547
1948,1723,1176
1949,1724,227
1950,1731,896
1951,1733,251
1952,1734,276
1953,1738,98
1954,1740,124
1955,1756,261
1956,1757,39
1957,1765,138
1958,48,92
1959,48,93
1960,48,94
1961,57,106
1962,57,107
1963,57,109
1964,58,110
1965,65,122
1966,65,123
1967,80,132
1968,85,147
1969,85,148
1970,85,150
1971,95,166
1972,107,187
1973,112,198
1974,112,199
1975,122,213
1976,122,214
1977,122,215
1978,129,226
1979,131,231
1980,131,232
1981,136,233
1982,136,234
1983,138,236
1984,138,237
1985,139,95
1986,145,249
1987,145,250
1988,145,252
1989,153,262
1990,161,274
1991,162,275
1992,175,299
1993,189,316
1994,211,262
1995,220,231
1996,220,120
1997,236,371
1998,238,375
1999,253,395
2000,253,225
2001,272,413
2002,272,414
2003,277,86
2004,298,447
2005,306,455
2006,310,194
2007,314,472
2008,353,498
2009,353,499
2010,371,258
2011,391,447
2012,392,537
2013,392,538
2014,392,319
2015,392,540
2016,425,275
2017,427,288
2018,475,561
2019,486,570
2020,500,574
2021,500,576
2022,506,583
2023,516,597
2024,525,608
2025,525,64
2026,532,202
2027,532,614
2028,533,615
2029,533,362
2030,533,523
2031,552,633
2032,554,637
2033,554,638
2034,560,644
2035,560,206
2036,584,665
2037,584,17
2038,587,667
2039,587,347
2040,603,685
2041,612,371
2042,612,688
2043,616,694
2044,626,700
2045,633,707
2046,633,562
2047,633,708
2048,641,713
2049,641,714
2050,662,727
2051,662,728
2052,713,757
2053,720,768
2054,749,798
2055,749,799
2056,752,801
2057,752,802
2058,761,204
2059,761,806
2060,776,821
2061,801,642
2062,802,840
2063,821,849
2064,908,247
2065,1010,912
2066,1015,237
2067,1032,262
2068,1039,923
2069,1046,925
2070,1058,929
2071,1059,272
2072,1085,371
2073,1086,941
2074,1086,942
2075,1086,943
2076,1086,944
2077,1099,955
2078,1102,957
2079,1102,958
2080,1102,892
2081,1118,312
2082,1127,135
2083,1164,660
2084,1166,989
2085,1166,206
2086,1181,137
2087,1192,1008
2088,1192,1009
2089,1197,658
2090,1231,785
2091,1279,233
2092,1280,829
2093,1292,1009
2094,1303,1015
2095,1328,928
2096,1328,894
2097,1329,179
2098,1351,538
2099,1351,992
2100,1353,312
2101,1368,552
2102,1379,1108
2103,1386,122
2104,1386,123
2105,1386,1111
2106,1388,1112
2107,1391,1115
2108,1391,1116
2109,1391,1117
2110,1391,74
2111,1391,1118
2112,1393,1120
2113,1393,1121
2114,1411,1128
2115,1429,1138
2116,1429,456
2117,1441,15
2118,1457,1149
2119,1481,1156
2120,1483,1157
2121,1483,99
2122,1498,1164
2123,1498,1165
2124,1506,1169
2125,1507,1064
2126,1507,237
2127,1509,1171
2128,1513,231
2129,1522,262
2130,1523,1111
2131,1565,514
2132,1565,1201
2133,1565,1202
2134,1591,1210
2135,1594,1211
2136,1617,1218
2137,1617,1219
2138,1618,1220
2139,1625,314
2140,1632,371
2141,1636,1135
2142,1643,1228
2143,1645,1080
2144,1645,119
2145,1657,1234
2146,1661,1235
2147,1686,646
2148,1708,1245
2149,1710,1123
2150,1723,1253
2151,1723,1254
2152,1731,269
2153,1733,1261
2154,1734,275
2155,1738,1263
2156,1740,117
2157,1756,1274
2158,1756,910
2159,3,15
2160,3,17
2161,36,64
2162,40,74
2163,45,86
2164,49,95
2165,52,99
2166,61,117
2167,63,119
2168,64,120
2169,64,110
2170,71,132
2171,74,135
2172,75,137
2173,81,132
2174,91,137
2175,98,86
2176,101,179
2177,105,119
2178,109,194
2179,114,202
2180,115,204
2181,115,206
2182,126,119
2183,128,225
2184,132,119
2185,137,225
2186,142,247
2187,149,258
2188,155,147
2189,157,269
2190,158,269
2191,160,272
2192,167,120
2193,169,288
2194,178,15
2195,181,247
2196,184,312
2197,185,314
2198,186,194
2199,191,122
2200,191,123
2201,191,319
2202,195,179
2203,197,247
2204,210,347
2205,213,247
2206,215,231
2207,219,274
2208,227,362
2209,231,288
2210,239,314
2211,242,236
2212,249,137
2213,259,225
2214,275,414
2215,287,64
2216,307,456
2217,309,64
2218,319,95
2219,342,99
2220,372,514
2221,374,247
2222,376,202
2223,381,523
2224,383,258
2225,387,206
2226,393,119
2227,404,231
2228,423,225
2229,424,225
2230,460,552
2231,476,269
2232,477,562
2233,482,225
2234,489,99
2235,491,95
2236,551,225
2237,558,642
2238,562,646
2239,575,658
2240,580,660
2241,582,552
2242,609,316
2243,610,314
2244,628,99
2245,637,562
2246,678,316
2247,696,562
2248,710,150
2249,722,150
2250,734,785
2251,748,472
2252,766,150
2253,768,64
2254,771,658
2255,786,829
2256,791,132
2257,814,74
2258,830,150
2259,831,150
2260,832,135
2261,836,785
2262,840,150
2263,842,150
2264,843,258
2265,876,258
2266,880,892
2267,883,64
2268,891,892
2269,893,258
2270,894,894
2271,904,132
2272,909,132
2273,911,247
2274,1008,910
2275,1009,137
2276,1019,785
2277,1027,247
2278,1042,829
2279,1048,99
2280,1055,928
2281,1100,135
2282,1104,64
2283,1112,135
2284,1119,86
2285,1125,135
2286,1133,99
2287,1134,99
2288,1176,992
2289,1186,247
2290,1189,262
2291,1201,1015
2292,1207,194
2293,1216,912
2294,1217,150
2295,1223,198
2296,1234,314
2297,1246,447
2298,1274,658
2299,1278,120
2300,1282,1064
2301,1284,958
2302,1299,64
2303,1335,802
2304,1337,1080
2305,1354,658
2306,1356,658
2307,1356,798
2308,1358,312
2309,1367,894
2310,1382,74
2311,1385,148
2312,1394,194
2313,1397,1015
2314,1401,1123
2315,1402,269
2316,1412,99
2317,1414,829
2318,1424,258
2319,1426,1135
2320,1428,137
2321,1437,894
2322,1445,99
2323,1459,148
2324,1461,562
2325,1463,785
2326,1468,247
2327,1476,194
2328,1489,992
2329,1499,1108
2330,1501,122
2331,1501,123
2332,1519,840
2333,1547,150
2334,1558,231
2335,1559,319
2336,1562,299
2337,1610,414
2338,1616,247
2339,1621,1009
2340,1621,658
2341,1623,658
2342,1633,86
2343,1646,1064
2344,1656,147
2345,1659,912
2346,1665,132
2347,1669,1009
2348,1669,658
2349,1699,99
2350,1699,135
2351,1725,237
2352,1737,955
2353,1743,806
2354,1745,122
2355,1745,123
2356,1749,148
2357,1766,262
2358,1769,658
2359,3,16
2360,40,72
2361,40,73
2362,64,121
2363,71,65
2364,74,136
2365,98,171
2366,98,172
2367,98,173
2368,109,190
2369,109,191
2370,109,192
2371,109,193
2372,114,203
2373,115,205
2374,126,222
2375,128,224
2376,155,265
2377,155,266
2378,158,270
2379,160,273
2380,167,281
2381,167,282
2382,167,283
2383,167,284
2384,169,287
2385,169,289
2386,178,304
2387,184,311
2388,184,313
2389,191,318
2390,210,346
2391,210,348
2392,215,349
2393,215,350
2394,219,356
2395,227,360
2396,227,361
2397,239,376
2398,242,380
2399,249,392
2400,259,174
2401,259,400
2402,319,478
2403,319,479
2404,342,492
2405,376,517
2406,381,177
2407,387,531
2408,387,532
2409,393,220
2410,404,544
2411,424,546
2412,460,551
2413,482,568
2414,491,145
2415,551,631
2416,558,640
2417,558,641
2418,562,645
2419,575,657
2420,580,661
2421,610,671
2422,628,701
2423,628,702
2424,637,710
2425,637,711
2426,734,784
2427,771,814
2428,786,796
2429,786,830
2430,786,305
2431,814,73
2432,832,858
2433,842,869
2434,880,890
2435,880,891
2436,1008,911
2437,1009,443
2438,1042,267
2439,1042,268
2440,1104,716
2441,1104,959
2442,1112,967
2443,1119,970
2444,1133,13
2445,1133,14
2446,1134,56
2447,1186,334
2448,1186,335
2449,1189,1001
2450,1217,1029
2451,1246,810
2452,1246,732
2453,1278,1061
2454,1278,1062
2455,1278,1063
2456,1354,705
2457,1354,1090
2458,1356,705
2459,1356,814
2460,1382,1109
2461,1382,73
2462,1394,1113
2463,1402,1124
2464,1414,271
2465,1428,1136
2466,1428,1137
2467,1445,1143
2468,1445,118
2469,1459,948
2470,1499,1060
2471,1499,1166
2472,1501,1167
2473,1519,1173
2474,1558,1193
2475,1558,1194
2476,1559,1195
2477,1559,1196
2478,1559,1197
2479,1562,1198
2480,1623,1069
2481,1646,580
2482,1646,579
2483,1656,265
2484,1656,1233
2485,1659,1000
2486,1669,553
2487,1669,1239
2488,1699,593
2489,1699,492
2490,1725,1255
2491,1725,341
2492,1725,1256
2493,1737,1205
2494,1743,1271
2495,1743,1272
2496,1743,749
2497,2,13
2498,2,14
2499,13,13
2500,15,13
2501,31,56
2502,37,65
2503,62,118
2504,72,65
2505,78,65
2506,82,145
2507,86,65
2508,99,174
2509,100,177
2510,113,121
2511,113,177
2512,124,220
2513,156,267
2514,156,268
2515,159,271
2516,164,65
2517,179,305
2518,183,282
2519,201,334
2520,201,335
2521,206,341
2522,209,341
2523,225,177
2524,233,281
2525,244,273
2526,248,177
2527,283,136
2528,295,443
2529,303,271
2530,369,118
2531,389,341
2532,395,380
2533,406,376
2534,406,289
2535,407,531
2536,408,136
2537,461,553
2538,498,478
2539,503,579
2540,503,580
2541,513,593
2542,520,13
2543,540,380
2544,541,177
2545,542,177
2546,544,350
2547,568,553
2548,576,443
2549,592,671
2550,607,443
2551,631,705
2552,643,716
2553,671,732
2554,691,118
2555,701,749
2556,709,553
2557,744,796
2558,757,492
2559,765,810
2560,773,266
2561,794,479
2562,813,73
2563,815,73
2564,870,810
2565,897,858
2566,900,858
2567,902,858
2568,1013,270
2569,1061,121
2570,1091,948
2571,1116,716
2572,1131,56
2573,1138,305
2574,1139,716
2575,1150,732
2576,1188,1000
2577,1218,810
2578,1232,796
2579,1277,1060
2580,1297,1069
2581,1307,13
2582,1326,711
2583,1326,710
2584,1332,814
2585,1362,796
2586,1363,749
2587,1376,361
2588,1384,869
2589,1389,1113
2590,1435,796
2591,1511,553
2592,1520,376
2593,1521,349
2594,1529,810
2595,1533,136
2596,1539,392
2597,1555,341
2598,1567,318
2599,1571,145
2600,1578,1205
2601,1592,145
2602,1662,136
2603,1689,796
2604,1692,492
2605,1748,265
2606,1754,810
2607,1763,869
2608,15,31
2609,37,66
2610,99,175
2611,99,146
2612,99,176
2613,100,178
2614,113,200
2615,113,201
2616,124,219
2617,164,277
2618,164,278
2619,179,306
2620,183,310
2621,206,340
2622,209,188
2623,209,345
2624,233,369
2625,244,384
2626,244,385
2627,283,431
2628,295,103
2629,303,453
2630,369,33
2631,389,534
2632,389,535
2633,395,541
2634,461,441
2635,498,572
2636,513,592
2637,520,48
2638,540,541
2639,540,622
2640,541,623
2641,544,624
2642,544,625
2643,568,649
2644,568,650
2645,576,659
2646,592,336
2647,592,560
2648,631,704
2649,691,503
2650,701,748
2651,701,389
2652,701,409
2653,744,565
2654,765,811
2655,765,812
2656,773,815
2657,773,816
2658,773,817
2659,815,692
2660,815,847
2661,815,848
2662,900,294
2663,900,897
2664,1013,913
2665,1061,345
2666,1091,945
2667,1091,946
2668,1091,947
2669,1091,949
2670,1091,950
2671,1138,974
2672,1232,565
2673,1232,1034
2674,1277,473
2675,1297,1067
2676,1297,1068
2677,1332,445
2678,1362,1095
2679,1362,45
2680,1362,104
2681,1362,870
2682,1363,1096
2683,1363,386
2684,1363,344
2685,1363,390
2686,1363,748
2687,1363,372
2688,1363,389
2689,1376,303
2690,1376,1103
2691,1376,1104
2692,1435,1142
2693,1520,1174
2694,1521,1175
2695,1529,812
2696,1539,1183
2697,1539,1184
2698,1555,1190
2699,1555,1191
2700,1555,1192
2701,1571,1203
2702,1662,1237
2703,1689,1095
2704,1748,871
2705,1763,1280
2706,17,33
2707,24,45
2708,26,48
2709,54,103
2710,55,104
2711,84,146
2712,87,48
2713,108,188
2714,171,294
2715,177,303
2716,202,336
2717,208,344
2718,237,372
2719,245,386
2720,245,372
2721,245,389
2722,246,372
2723,246,390
2724,246,389
2725,246,386
2726,268,409
2727,280,278
2728,280,277
2729,285,45
2730,293,441
2731,294,441
2732,296,445
2733,312,453
2734,315,473
2735,357,503
2736,370,48
2737,466,45
2738,474,560
2739,479,45
2740,480,565
2741,485,473
2742,487,104
2743,549,390
2744,573,372
2745,573,386
2746,594,453
2747,613,692
2748,617,592
2749,623,565
2750,640,453
2751,648,336
2752,656,48
2753,673,441
2754,686,188
2755,687,409
2756,689,48
2757,690,503
2758,694,48
2759,714,188
2760,731,48
2761,742,389
2762,755,409
2763,774,344
2764,774,390
2765,774,372
2766,808,453
2767,845,870
2768,847,45
2769,856,871
2770,879,104
2771,881,473
2772,1017,336
2773,1023,336
2774,1028,66
2775,1040,870
2776,1077,431
2777,1107,389
2778,1107,390
2779,1115,503
2780,1117,441
2781,1122,897
2782,1141,871
2783,1153,503
2784,1184,344
2785,1184,372
2786,1184,390
2787,1184,386
2788,1225,45
2789,1300,336
2790,1316,913
2791,1324,219
2792,1330,503
2793,1346,1067
2794,1360,503
2795,1396,503
2796,1447,294
2797,1456,453
2798,1478,897
2799,1484,473
2800,1492,560
2801,1546,473
2802,1553,453
2803,1574,219
2804,1604,336
2805,1658,294
2806,1678,473
2807,1719,503
2808,1721,372
2809,1726,1175
2810,1727,219
2811,1752,870
2812,1760,473
2813,1767,340
2814,17,34
2815,24,44
2816,54,102
2817,108,189
2818,177,209
2819,177,302
2820,208,343
2821,237,373
2822,237,374
2823,245,387
2824,245,388
2825,246,388
2826,268,408
2827,285,432
2828,285,433
2829,285,434
2830,294,442
2831,296,444
2832,312,26
2833,357,502
2834,479,564
2835,480,566
2836,549,630
2837,573,387
2838,573,654
2839,613,689
2840,613,690
2841,613,691
2842,613,693
2843,617,695
2844,623,566
2845,686,741
2846,686,168
2847,686,169
2848,687,408
2849,714,522
2850,714,758
2851,742,681
2852,742,682
2853,755,408
2854,774,681
2855,774,818
2856,808,842
2857,847,151
2858,881,448
2859,1040,924
2860,1107,681
2861,1107,962
2862,1117,969
2863,1122,876
2864,1122,63
2865,1141,976
2866,1153,982
2867,1184,999
2868,1184,322
2869,1184,323
2870,1324,1077
2871,1330,506
2872,1346,1089
2873,1360,1094
2874,1456,1148
2875,1456,963
2876,1484,591
2877,1546,1187
2878,1546,621
2879,1574,1204
2880,1604,1216
2881,1721,919
2882,1721,1247
2883,1721,1248
2884,1721,1249
2885,1721,1250
2886,1721,1251
2887,1726,1257
2888,1760,127
2889,1767,1281
2890,1767,656
2891,9,26
2892,19,26
2893,35,63
2894,68,127
2895,88,151
2896,96,168
2897,96,169
2898,119,209
2899,143,209
2900,193,322
2901,193,323
2902,270,209
2903,299,448
2904,334,127
2905,361,506
2906,380,522
2907,420,209
2908,422,127
2909,428,127
2910,458,127
2911,512,591
2912,537,621
2913,538,127
2914,566,630
2915,574,656
2916,602,681
2917,602,682
2918,608,434
2919,649,691
2920,700,506
2921,717,591
2922,737,691
2923,775,151
2924,782,209
2925,820,506
2926,864,876
2927,867,566
2928,869,506
2929,913,26
2930,1011,34
2931,1022,919
2932,1026,127
2933,1066,127
2934,1098,408
2935,1101,842
2936,1108,963
2937,1172,127
2938,1174,506
2939,1205,876
2940,1209,621
2941,1240,591
2942,1268,127
2943,1317,695
2944,1336,448
2945,1344,63
2946,1419,448
2947,1433,506
2948,1471,127
2949,1500,621
2950,1508,408
2951,1517,448
2952,1538,63
2953,1551,842
2954,1605,408
2955,1638,209
2956,1705,408
2957,88,152
2958,96,167
2959,143,248
2960,380,521
2961,380,520
2962,512,430
2963,566,648
2964,574,655
2965,602,683
2966,602,684
2967,649,720
2968,700,747
2969,717,766
2970,717,738
2971,737,789
2972,737,790
2973,775,819
2974,775,820
2975,782,825
2976,820,778
2977,864,877
2978,867,881
2979,867,882
2980,913,902
2981,1011,27
2982,1022,915
2983,1022,916
2984,1022,917
2985,1022,918
2986,1022,920
2987,1026,60
2988,1066,452
2989,1098,953
2990,1098,954
2991,1101,956
2992,1172,740
2993,1240,1042
2994,1240,1043
2995,1336,1079
2996,1419,1129
2997,1419,324
2998,1433,1140
2999,1433,1141
3000,1471,898
3001,1508,1170
3002,1551,1188
3003,1605,54
3004,1638,1223
3005,1638,1224
3006,1638,1225
3007,1705,1244
3008,10,27
3009,11,27
3010,28,54
3011,34,60
3012,67,60
3013,76,60
3014,166,60
3015,194,324
3016,282,430
3017,284,54
3018,288,27
3019,302,452
3020,379,520
3021,502,152
3022,518,452
3023,548,54
3024,622,60
3025,624,54
3026,657,54
3027,679,452
3028,682,738
3029,684,740
3030,693,521
3031,708,54
3032,726,778
3033,730,720
3034,747,54
3035,756,747
3036,767,520
3037,829,778
3038,837,54
3039,862,452
3040,882,54
3041,901,898
3042,985,720
3043,1012,27
3044,1067,877
3045,1078,738
3046,1084,54
3047,1095,877
3048,1113,54
3049,1123,778
3050,1126,54
3051,1135,54
3052,1137,738
3053,1155,747
3054,1178,521
3055,1187,452
3056,1208,820
3057,1348,747
3058,1413,27
3059,1444,54
3060,1467,720
3061,1528,452
3062,1534,820
3063,1542,430
3064,1596,60
3065,1620,877
3066,1624,747
3067,1629,738
3068,1642,825
3069,1652,452
3070,1683,54
3071,1698,27
3072,1735,54
3073,1741,324
3074,1747,740
3075,1753,54
3076,34,61
3077,34,62
3078,288,435
3079,288,131
3080,379,519
3081,502,578
3082,518,602
3083,682,739
3084,684,504
3085,684,587
3086,726,776
3087,726,777
3088,726,504
3089,726,779
3090,730,781
3091,730,782
3092,730,783
3093,747,797
3094,985,781
3095,985,782
3096,985,783
3097,985,46
3098,1078,515
3099,1137,449
3100,1155,983
3101,1208,1016
3102,1208,1017
3103,1348,793
3104,1467,782
3105,1467,781
3106,1467,783
3107,1596,663
3108,1620,1221
3109,1698,1243
3110,1747,1273
3111,25,46
3112,70,131
3113,290,62
3114,300,449
3115,358,504
3116,373,515
3117,405,46
3118,492,515
3119,508,587
3120,583,663
3121,728,587
3122,741,793
3123,903,449
3124,1105,435
3125,1124,131
3126,1146,504
3127,1157,587
3128,1196,435
3129,1198,504
3130,1244,663
3131,1260,797
3132,1372,131
3133,1448,793
3134,1469,131
3135,1649,449
3136,25,47
3137,290,437
3138,290,438
3139,492,571
3140,508,586
3141,583,259
3142,583,664
3143,903,315
3144,903,899
3145,1105,605
3146,1124,971
3147,1124,607
3148,1146,510
3149,1146,980
3150,1146,981
3151,1157,984
3152,1157,985
3153,1372,1100
3154,1372,1101
3155,1469,1150
3156,1469,32
3157,16,32
3158,150,259
3159,187,315
3160,269,32
3161,360,259
3162,366,510
3163,522,605
3164,524,607
3165,604,32
3166,618,510
3167,639,605
3168,653,510
3169,659,605
3170,675,586
3171,763,32
3172,787,32
3173,811,32
3174,1018,259
3175,1057,259
3176,1074,664
3177,1162,605
3178,1342,664
3179,1395,510
3180,1466,605
3181,1474,259
3182,1475,664
3183,1486,1150
3184,1504,510
3185,1549,607
3186,1655,259
3187,1673,259
3188,269,410
3189,269,411
3190,618,696
3191,618,697
3192,653,722
3193,675,734
3194,811,845
3195,811,846
3196,1057,451
3197,1342,744
3198,1342,357
3199,1395,1122
3200,1395,42
3201,1395,253
3202,1474,1152
3203,1486,501
3204,1486,1158
3205,23,42
3206,30,42
3207,146,253
3208,221,357
3209,301,451
3210,344,451
3211,356,501
3212,368,357
3213,426,501
3214,488,451
3215,528,42
3216,563,451
3217,605,357
3218,630,357
3219,666,501
3220,692,744
3221,745,42
3222,805,42
3223,819,451
3224,849,42
3225,1007,357
3226,1016,501
3227,1043,357
3228,1053,722
3229,1054,357
3230,1093,42
3231,1129,253
3232,1173,696
3233,1203,744
3234,1204,451
3235,1236,357
3236,1405,357
3237,1421,42
3238,1439,357
3239,1439,744
3240,1527,451
3241,1613,451
3242,1627,42
3243,1703,734
3244,1716,357
3245,23,38
3246,23,37
3247,23,43
3248,146,37
3249,221,358
3250,221,359
3251,301,450
3252,368,512
3253,605,686
3254,630,358
3255,630,703
3256,666,729
3257,692,743
3258,1007,556
3259,1007,555
3260,1016,729
3261,1053,493
3262,1054,686
3263,1129,37
3264,1236,1037
3265,1236,1038
3266,1236,875
3267,1405,1125
3268,1405,875
3269,1421,496
3270,1439,889
3271,1527,1177
3272,1527,1178
3273,1716,556
3274,1716,555
3275,20,37
3276,20,38
3277,343,493
3278,350,496
3279,465,555
3280,465,556
3281,647,686
3282,863,875
3283,873,496
3284,875,889
3285,1072,556
3286,1212,686
3287,1304,450
3288,1524,38
3289,1654,743
3290,1722,1177
3291,647,264
3292,863,874
3293,863,712
3294,873,885
3295,1212,116
3296,1212,791
3297,1524,511
3298,1654,791
3299,1654,116
3300,1722,1252
3301,60,116
3302,154,264
3303,291,116
3304,367,511
3305,638,712
3306,739,116
3307,739,791
3308,750,116
3309,750,791
3310,850,264
3311,898,116
3312,898,791
3313,906,116
3314,906,791
3315,1075,116
3316,1075,791
3317,1275,712
3318,1286,116
3319,1286,791
3320,1305,712
3321,1331,712
3322,1355,116
3323,1355,791
3324,1375,874
3325,1409,712
3326,1440,116
3327,1440,791
3328,1671,874
3329,1695,712
3330,1707,116
3331,1707,791
3332,60,115
3333,154,263
3334,291,439
3335,638,130
3336,638,128
3337,638,129
3338,739,792
3339,1275,1059
3340,1286,1065
3341,1305,129
3342,1305,1070
3343,1331,129
3344,1355,1091
3345,1375,490
3346,1409,128
3347,1671,611
3348,1695,128
3349,69,128
3350,69,129
3351,69,130
3352,340,490
3353,519,263
3354,529,611
3355,1238,490
3356,1247,792
3357,1308,128
3358,1308,129
3359,1308,130
3360,1366,128
3361,1366,129
3362,1366,130
3363,1422,1091
3364,1750,611
3365,529,610
3366,1247,475
3367,1366,828
3368,1422,1131
3369,317,475
3370,784,828
3371,816,475
3372,1151,475
3373,784,826
3374,784,827
3375,816,673
3376,593,673
3377,1073,673
3378,1446,673
3379,593,672
3380,593,674
3381,1073,672
3382,1073,600
3383,1073,936
3384,1073,937
3385,1446,1144
3386,517,600
3387,800,600
3388,810,600
3389,865,600
3390,1452,600
3391,517,598
3392,517,599
3393,517,601
3394,800,839
3395,810,843
3396,810,844
3397,865,878
3398,865,458
3399,1452,550
3400,308,458
3401,313,458
3402,459,550
3403,606,550
3404,1050,599
3405,1070,550
3406,1568,550
3407,308,457
3408,606,687
3409,1050,926
3410,1070,932
