1,1,171
2,1,2
3,1,235
4,1,3
5,1,312
6,1,313
7,1,314
8,1,4
9,1,5
10,1,6
11,1,7
12,10,11
13,10,120
14,10,121
15,10,124
16,10,125
17,10,126
18,10,129
19,10,18
20,10,79
21,100,101
22,100,102
23,100,103
24,100,104
25,100,105
26,101,102
27,101,103
28,101,104
29,101,105
30,102,103
31,102,104
32,102,105
33,102,212
34,103,104
35,103,105
36,103,218
37,103,219
38,103,220
39,103,221
40,104,105
41,105,109
42,105,110
43,105,111
44,105,112
45,105,113
46,105,114
47,105,115
48,105,116
49,105,117
50,106,107
51,109,110
52,109,111
53,109,112
54,109,113
55,109,114
56,109,115
57,109,116
58,109,117
59,11,28
60,11,310
61,11,315
62,11,316
63,11,317
64,11,49
65,11,78
66,110,111
67,110,112
68,110,113
69,110,114
70,110,115
71,110,116
72,110,117
73,110,182
74,110,260
75,110,261
76,111,112
77,111,113
78,111,114
79,111,115
80,111,116
81,111,117
82,111,182
83,111,190
84,111,291
85,111,325
86,111,326
87,112,113
88,112,114
89,112,115
90,112,116
91,112,117
92,113,114
93,113,115
94,113,116
95,113,117
96,113,246
97,113,364
98,114,115
99,114,116
100,114,117
101,115,116
102,115,117
103,115,119
104,115,346
105,115,347
106,115,348
107,115,349
108,115,350
109,116,117
110,117,268
111,117,370
112,117,371
113,117,372
114,117,373
115,117,374
116,117,375
117,117,376
118,117,377
119,118,119
120,118,303
121,118,334
122,119,346
123,119,347
124,119,348
125,119,349
126,119,350
127,12,118
128,12,301
129,12,302
130,12,303
131,12,305
132,12,306
133,12,334
134,120,121
135,120,122
136,120,123
137,120,124
138,120,125
139,120,126
140,120,129
141,121,122
142,121,123
143,121,124
144,121,125
145,121,126
146,121,129
147,122,123
148,124,125
149,124,126
150,124,129
151,125,126
152,125,129
153,126,129
154,128,129
155,129,272
156,129,287
157,13,105
158,13,109
159,13,110
160,13,111
161,13,112
162,13,113
163,13,114
164,13,115
165,13,116
166,13,117
167,13,118
168,13,119
169,13,14
170,13,282
171,13,283
172,13,284
173,13,285
174,13,346
175,13,347
176,13,348
177,13,349
178,13,350
179,13,42
180,13,62
181,13,71
182,130,229
183,130,257
184,130,262
185,130,271
186,131,132
187,133,134
188,134,343
189,135,136
190,136,202
191,136,275
192,137,161
193,137,162
194,137,163
195,137,248
196,137,249
197,137,250
198,138,244
199,138,245
200,139,140
201,139,141
202,139,142
203,139,152
204,139,156
205,139,159
206,139,179
207,139,180
208,139,181
209,139,182
210,139,183
211,139,184
212,139,185
213,139,186
214,139,187
215,139,188
216,139,189
217,139,190
218,139,234
219,139,235
220,139,236
221,139,237
222,139,238
223,139,239
224,139,240
225,139,241
226,14,100
227,14,101
228,14,102
229,14,103
230,14,104
231,14,105
232,14,109
233,14,110
234,14,111
235,14,112
236,14,113
237,14,114
238,14,115
239,14,116
240,14,117
241,14,193
242,14,282
243,14,283
244,14,284
245,14,285
246,14,379
247,14,380
248,14,381
249,14,382
250,14,383
251,14,386
252,14,387
253,14,42
254,14,62
255,14,71
256,14,97
257,140,141
258,140,142
259,141,142
260,143,144
261,144,385
262,145,146
263,145,147
264,145,148
265,145,149
266,145,150
267,145,151
268,146,147
269,146,148
270,146,149
271,146,150
272,146,151
273,146,208
274,146,209
275,147,148
276,147,149
277,147,150
278,147,151
279,149,150
280,149,151
281,149,207
282,149,208
283,149,209
284,15,130
285,15,134
286,15,229
287,15,242
288,15,254
289,15,255
290,15,256
291,15,257
292,15,258
293,15,262
294,15,271
295,15,34
296,150,151
297,150,207
298,153,154
299,153,155
300,153,156
301,153,157
302,153,158
303,153,159
304,154,155
305,154,156
306,154,157
307,154,158
308,154,159
309,154,213
310,154,214
311,154,215
312,155,156
313,155,157
314,155,158
315,155,159
316,155,213
317,155,214
318,155,215
319,156,157
320,156,158
321,156,159
322,156,179
323,156,180
324,156,181
325,156,182
326,156,183
327,156,184
328,156,185
329,156,186
330,156,187
331,156,188
332,156,189
333,156,190
334,156,215
335,156,222
336,156,223
337,156,224
338,156,225
339,156,234
340,156,238
341,156,251
342,156,266
343,156,267
344,156,329
345,156,336
346,156,337
347,156,338
348,156,339
349,156,340
350,156,341
351,156,342
352,157,158
353,157,159
354,158,159
355,159,238
356,159,239
357,159,240
358,159,241
359,16,17
360,16,18
361,16,19
362,16,20
363,16,21
364,160,216
365,160,307
366,161,162
367,161,163
368,162,163
369,163,232
370,163,233
371,163,327
372,163,328
373,164,210
374,164,279
375,164,289
376,164,356
377,164,357
378,167,168
379,167,329
380,169,170
381,17,351
382,171,172
383,171,173
384,171,174
385,171,175
386,171,176
387,171,177
388,171,178
389,171,235
390,171,312
391,171,313
392,171,314
393,172,173
394,172,174
395,172,175
396,172,176
397,172,177
398,172,178
399,173,174
400,173,175
401,173,176
402,173,177
403,173,178
404,174,175
405,174,176
406,174,177
407,174,178
408,175,176
409,175,177
410,175,178
411,176,177
412,176,178
413,177,178
414,179,180
415,179,181
416,179,182
417,179,183
418,179,184
419,179,185
420,179,186
421,179,187
422,179,188
423,179,189
424,179,190
425,18,120
426,18,121
427,18,124
428,18,125
429,18,126
430,18,129
431,18,79
432,180,181
433,180,182
434,180,183
435,180,184
436,180,185
437,180,186
438,180,187
439,180,188
440,180,189
441,180,190
442,181,182
443,181,183
444,181,184
445,181,185
446,181,186
447,181,187
448,181,188
449,181,189
450,181,190
451,181,234
452,181,238
453,181,336
454,181,337
455,181,338
456,182,183
457,182,184
458,182,185
459,182,186
460,182,187
461,182,188
462,182,189
463,182,190
464,182,235
465,182,238
466,182,260
467,182,261
468,182,266
469,182,267
470,182,291
471,182,325
472,182,326
473,182,333
474,183,184
475,183,185
476,183,186
477,183,187
478,183,188
479,183,189
480,183,190
481,184,185
482,184,186
483,184,187
484,184,188
485,184,189
486,184,190
487,184,263
488,184,264
489,184,265
490,184,266
491,184,267
492,185,186
493,185,187
494,185,188
495,185,189
496,185,190
497,186,187
498,186,188
499,186,189
500,186,190
501,186,235
502,186,238
503,186,291
504,186,333
505,187,188
506,187,189
507,187,190
508,188,189
509,188,190
510,189,190
511,19,131
512,19,132
513,190,215
514,190,266
515,190,267
516,190,291
517,190,325
518,190,326
519,190,329
520,190,339
521,190,340
522,190,341
523,190,342
524,191,192
525,191,193
526,192,193
527,192,231
528,192,345
529,193,386
530,193,387
531,195,196
532,195,197
533,195,198
534,195,199
535,195,200
536,196,197
537,196,198
538,196,199
539,196,200
540,197,198
541,197,199
542,197,200
543,198,199
544,198,200
545,199,200
546,2,3
547,2,4
548,2,5
549,2,6
550,2,7
551,20,21
552,201,202
553,201,203
554,201,204
555,202,203
556,202,204
557,202,275
558,203,204
559,205,229
560,206,229
561,206,259
562,206,286
563,208,209
564,210,279
565,210,280
566,210,289
567,210,354
568,210,355
569,210,356
570,210,357
571,213,214
572,213,215
573,214,215
574,215,267
575,215,329
576,215,339
577,215,340
578,215,341
579,215,342
580,216,217
581,217,229
582,217,304
583,218,219
584,218,220
585,218,221
586,219,220
587,219,221
588,22,138
589,22,143
590,22,144
591,22,23
592,22,24
593,22,244
594,22,245
595,22,25
596,22,67
597,22,68
598,22,69
599,220,221
600,222,223
601,222,224
602,222,225
603,223,224
604,223,225
605,224,225
606,226,242
607,226,256
608,226,344
609,227,228
610,229,257
611,229,258
612,229,304
613,23,24
614,23,25
615,23,67
616,23,68
617,23,69
618,230,330
619,230,331
620,231,345
621,232,233
622,234,235
623,234,236
624,234,237
625,234,238
626,234,336
627,234,337
628,234,338
629,235,236
630,235,237
631,235,238
632,235,291
633,235,312
634,235,313
635,235,314
636,235,316
637,235,323
638,235,333
639,235,365
640,235,366
641,235,367
642,235,368
643,235,369
644,236,237
645,238,239
646,238,240
647,238,241
648,238,291
649,238,333
650,238,336
651,238,337
652,238,338
653,239,240
654,239,241
655,24,25
656,240,241
657,242,254
658,242,255
659,242,256
660,242,277
661,242,344
662,244,245
663,246,364
664,248,249
665,248,250
666,249,250
667,25,227
668,25,228
669,25,68
670,254,255
671,254,256
672,255,256
673,255,384
674,256,344
675,257,258
676,257,259
677,259,276
678,26,153
679,26,154
680,26,155
681,26,156
682,26,157
683,26,158
684,26,159
685,26,222
686,26,223
687,26,224
688,26,225
689,26,27
690,26,291
691,26,292
692,26,293
693,26,294
694,26,295
695,26,296
696,26,297
697,26,298
698,26,299
699,26,65
700,260,261
701,262,271
702,262,272
703,263,264
704,263,265
705,264,265
706,266,267
707,267,329
708,267,339
709,267,340
710,267,341
711,267,342
712,268,308
713,268,309
714,268,370
715,268,371
716,268,372
717,268,373
718,268,374
719,268,375
720,268,376
721,268,377
722,269,270
723,270,300
724,271,272
725,273,274
726,273,275
727,274,275
728,276,311
729,276,361
730,276,362
731,278,279
732,279,289
733,279,356
734,279,357
735,279,388
736,279,389
737,28,166
738,28,29
739,28,78
740,280,281
741,280,354
742,280,355
743,282,283
744,282,284
745,282,285
746,283,284
747,283,285
748,284,285
749,286,359
750,286,360
751,289,356
752,289,357
753,291,292
754,291,293
755,291,294
756,291,295
757,291,296
758,291,297
759,291,298
760,291,299
761,291,325
762,291,326
763,291,333
764,292,293
765,292,294
766,292,295
767,292,296
768,292,297
769,292,298
770,292,299
771,293,294
772,293,295
773,293,296
774,293,297
775,293,298
776,293,299
777,294,295
778,294,296
779,294,297
780,294,298
781,294,299
782,295,296
783,295,297
784,295,298
785,295,299
786,296,297
787,296,298
788,296,299
789,297,298
790,297,299
791,298,299
792,3,171
793,3,172
794,3,173
795,3,174
796,3,175
797,3,176
798,3,177
799,3,178
800,3,235
801,3,312
802,3,313
803,3,314
804,3,4
805,3,5
806,3,6
807,3,7
808,30,31
809,301,302
810,303,334
811,305,306
812,308,309
813,31,146
814,310,315
815,310,316
816,310,317
817,312,313
818,312,314
819,313,314
820,315,316
821,316,323
822,316,365
823,316,366
824,316,367
825,316,368
826,316,369
827,318,319
828,318,320
829,318,321
830,318,322
831,318,323
832,318,324
833,319,320
834,319,321
835,319,322
836,319,323
837,319,324
838,32,198
839,32,33
840,32,77
841,320,321
842,320,322
843,320,323
844,320,324
845,321,322
846,321,323
847,321,324
848,322,323
849,322,324
850,323,324
851,323,365
852,323,366
853,323,367
854,323,368
855,323,369
856,325,326
857,327,328
858,329,339
859,329,340
860,329,341
861,329,342
862,330,331
863,336,337
864,336,338
865,337,338
866,339,340
867,339,341
868,339,342
869,34,130
870,34,169
871,34,170
872,34,262
873,34,271
874,34,35
875,340,341
876,340,342
877,341,342
878,346,347
879,346,348
880,346,349
881,346,350
882,347,348
883,347,349
884,347,350
885,348,349
886,348,350
887,349,350
888,352,353
889,354,355
890,356,357
891,359,360
892,36,37
893,36,38
894,361,362
895,365,366
896,365,367
897,365,368
898,365,369
899,366,367
900,366,368
901,366,369
902,367,368
903,367,369
904,368,369
905,37,38
906,37,39
907,370,371
908,370,372
909,370,373
910,370,374
911,370,375
912,370,376
913,370,377
914,371,372
915,371,373
916,371,374
917,371,375
918,371,376
919,371,377
920,372,373
921,372,374
922,372,375
923,372,376
924,372,377
925,373,374
926,373,375
927,373,376
928,373,377
929,374,375
930,374,376
931,374,377
932,375,376
933,375,377
934,376,377
935,379,380
936,379,381
937,379,382
938,379,383
939,38,39
940,38,40
941,38,41
942,38,42
943,380,381
944,380,382
945,380,383
946,381,382
947,381,383
948,382,383
949,386,387
950,388,389
951,39,40
952,39,41
953,39,42
954,4,171
955,4,172
956,4,173
957,4,174
958,4,175
959,4,176
960,4,177
961,4,178
962,4,5
963,4,6
964,4,7
965,40,41
966,40,42
967,41,42
968,42,282
969,42,283
970,42,284
971,42,285
972,43,210
973,43,230
974,43,272
975,43,280
976,43,354
977,43,355
978,43,44
979,43,45
980,43,74
981,43,92
982,43,99
983,44,45
984,45,270
985,45,88
986,46,48
987,47,48
988,48,49
989,49,50
990,5,6
991,5,7
992,50,70
993,51,52
994,51,53
995,51,55
996,51,56
997,52,53
998,52,54
999,52,55
1000,52,56
1001,52,57
1002,52,58
1003,52,59
1004,52,60
1005,52,61
1006,53,378
1007,53,54
1008,53,55
1009,55,56
1010,55,57
1011,55,74
1012,55,75
1013,55,76
1014,58,59
1015,59,286
1016,6,7
1017,62,105
1018,62,109
1019,62,110
1020,62,111
1021,62,112
1022,62,113
1023,62,114
1024,62,115
1025,62,116
1026,62,117
1027,62,182
1028,62,190
1029,62,291
1030,62,325
1031,62,326
1032,62,63
1033,62,64
1034,62,65
1035,62,66
1036,62,71
1037,63,111
1038,63,182
1039,63,190
1040,63,291
1041,63,325
1042,63,326
1043,63,64
1044,63,65
1045,63,66
1046,63,91
1047,63,92
1048,63,93
1049,63,94
1050,63,95
1051,63,96
1052,64,65
1053,64,66
1054,65,268
1055,65,291
1056,65,292
1057,65,293
1058,65,294
1059,65,295
1060,65,296
1061,65,297
1062,65,298
1063,65,299
1064,65,308
1065,65,309
1066,65,66
1067,67,137
1068,67,156
1069,67,248
1070,67,249
1071,67,250
1072,67,251
1073,67,68
1074,67,69
1075,68,227
1076,68,228
1077,68,69
1078,71,100
1079,71,101
1080,71,102
1081,71,103
1082,71,104
1083,71,105
1084,71,109
1085,71,110
1086,71,111
1087,71,112
1088,71,113
1089,71,114
1090,71,115
1091,71,116
1092,71,117
1093,71,211
1094,71,290
1095,71,72
1096,71,73
1097,71,97
1098,72,73
1099,75,77
1100,78,270
1101,79,120
1102,79,121
1103,79,124
1104,79,125
1105,79,126
1106,79,129
1107,8,136
1108,8,202
1109,8,226
1110,8,275
1111,8,276
1112,8,352
1113,8,353
1114,8,361
1115,8,362
1116,8,9
1117,8,99
1118,80,124
1119,80,81
1120,80,82
1121,81,82
1122,83,84
1123,83,85
1124,83,86
1125,83,87
1126,84,160
1127,84,332
1128,84,85
1129,86,194
1130,86,87
1131,89,117
1132,89,226
1133,89,268
1134,89,370
1135,89,371
1136,89,372
1137,89,373
1138,89,374
1139,89,375
1140,89,376
1141,89,377
1142,9,136
1143,9,202
1144,9,226
1145,9,242
1146,9,256
1147,9,275
1148,9,288
1149,9,344
1150,90,192
1151,90,231
1152,90,345
1153,91,92
1154,91,93
1155,91,94
1156,91,95
1157,91,96
1158,92,210
1159,92,280
1160,92,354
1161,92,355
1162,92,93
1163,92,94
1164,92,95
1165,92,96
1166,93,94
1167,93,95
1168,93,96
1169,94,318
1170,94,319
1171,94,320
1172,94,321
1173,94,322
1174,94,323
1175,94,324
1176,94,95
1177,94,96
1178,95,96
1179,97,100
1180,97,101
1181,97,102
1182,97,103
1183,97,104
1184,97,105
1185,98,160
1186,98,335
1187,98,358
1188,99,106
1189,99,107
1190,99,108
1191,99,127
1192,99,165
1193,99,206
1194,99,207
1195,99,210
1196,99,229
1197,99,243
1198,99,247
1199,99,252
1200,99,253
1201,99,259
1202,99,286
1203,99,352
1204,99,353
1205,99,363
