0,1,1
1,1,2
2,1,3
3,1,4
4,1,5
5,1,6
6,1,7
7,1,8
8,1,9
9,1,10
10,1,11
11,1,12
12,1,13
13,1,14
14,1,15
15,1,16
16,1,17
17,1,18
18,1,19
19,1,20
20,100,6
21,100,11
22,100,12
23,100,14
24,100,15
25,100,16
26,100,18
27,105,5
28,105,9
29,105,13
30,100,1301
31,100,1302
32,100,1303
33,100,1304
34,100,1305
35,100,1306
36,100,1307
37,105,1326
38,105,1327
39,105,1328
40,105,1329
41,105,1330
42,105,1331
43,105,1332
44,105,1333
45,105,276
46,105,1334
47,105,1335
48,105,1336
49,105,1337
50,105,1338
51,105,1339
52,105,1340
53,105,779
54,105,781
55,105,784
56,105,1341
57,105,1342
58,105,785
59,105,1343
60,105,1344
61,105,1345
62,105,1346
63,19,276
64,46,779
65,46,781
66,46,784
67,46,785
68,101,1301
69,101,1302
70,102,1301
71,102,1302
72,106,1326
73,19,273
74,19,99
75,19,274
76,19,275
77,19,277
78,19,278
79,19,279
80,19,280
81,19,281
82,19,282
83,19,283
84,19,284
85,19,285
86,19,286
87,19,287
88,19,288
89,19,289
90,46,763
91,46,764
92,46,765
93,46,766
94,46,767
95,46,768
96,46,769
97,46,770
98,46,771
99,46,772
100,46,773
101,46,774
102,46,775
103,46,776
104,46,777
105,46,778
106,46,780
107,46,782
108,46,783
109,46,786
110,46,787
111,46,788
112,46,789
113,102,1308
114,102,1309
115,102,1310
116,106,1347
117,106,1348
118,106,1349
119,106,518
120,106,1350
121,106,523
122,106,1351
123,106,1352
124,106,1353
125,106,1354
126,106,1355
127,106,1356
128,106,1357
129,106,1358
130,106,1359
131,6,99
132,33,518
133,33,523
134,45,763
135,47,763
136,47,764
137,47,765
138,47,766
139,47,767
140,47,768
141,47,769
142,47,771
143,47,772
144,47,773
145,47,778
146,70,775
147,6,98
148,6,100
149,6,101
150,6,102
151,6,103
152,6,104
153,6,105
154,6,106
155,6,107
156,6,108
157,33,477
158,33,511
159,33,512
160,33,481
161,33,482
162,33,483
163,33,513
164,33,514
165,33,515
166,33,516
167,33,517
168,33,486
169,33,519
170,33,520
171,33,521
172,33,522
173,33,524
174,33,525
175,33,526
176,33,527
177,33,528
178,33,529
179,33,530
180,33,531
181,33,532
182,33,533
183,33,534
184,33,535
185,33,536
186,33,537
187,33,538
188,33,539
189,47,790
190,47,791
191,47,792
192,47,793
193,47,794
194,47,795
195,47,796
196,47,797
197,47,798
198,47,799
199,47,800
200,47,801
201,47,802
202,70,938
203,70,939
204,70,940
205,70,941
206,70,942
207,70,943
208,70,944
209,70,945
210,70,946
211,31,477
212,32,481
213,32,482
214,32,483
215,32,486
216,39,524
217,39,530
218,39,538
219,41,526
220,71,938
221,71,940
222,71,945
223,72,938
224,72,511
225,72,512
226,72,940
227,72,519
228,72,521
229,72,522
230,72,525
231,72,538
232,31,476
233,31,478
234,31,479
235,31,480
236,32,476
237,32,484
238,32,485
239,32,487
240,32,488
241,32,207
242,32,489
243,32,208
244,32,490
245,32,209
246,32,491
247,32,492
248,32,211
249,32,493
250,32,494
251,32,478
252,32,495
253,32,479
254,32,496
255,32,250
256,32,497
257,32,498
258,32,499
259,32,500
260,32,220
261,32,501
262,32,502
263,32,503
264,32,504
265,32,505
266,32,506
267,32,507
268,32,508
269,32,509
270,32,510
271,39,616
272,39,617
273,39,618
274,39,619
275,39,620
276,41,616
277,41,629
278,41,621
279,41,630
280,41,622
281,41,631
282,41,632
283,41,633
284,41,634
285,41,635
286,41,636
287,41,637
288,41,638
289,41,639
290,41,640
291,41,641
292,41,642
293,41,643
294,41,644
295,41,645
296,71,947
297,71,948
298,71,949
299,71,950
300,71,83
301,71,85
302,71,88
303,71,89
304,71,90
305,71,92
306,71,94
307,72,951
308,72,947
309,72,952
310,72,953
311,72,954
312,72,950
313,72,955
314,72,956
315,72,957
316,72,958
317,72,959
318,72,960
319,72,961
320,72,962
321,4,83
322,4,85
323,4,88
324,4,89
325,4,90
326,4,92
327,4,94
328,13,207
329,13,208
330,13,209
331,13,211
332,13,220
333,16,250
334,22,85
335,40,616
336,40,621
337,40,622
338,91,220
339,4,21
340,4,78
341,4,24
342,4,25
343,4,79
344,4,26
345,4,27
346,4,30
347,4,31
348,4,32
349,4,33
350,4,34
351,4,37
352,4,38
353,4,39
354,4,80
355,4,41
356,4,43
357,4,44
358,4,45
359,4,46
360,4,48
361,4,81
362,4,82
363,4,84
364,4,86
365,4,53
366,4,87
367,4,91
368,4,64
369,4,65
370,4,74
371,4,93
372,13,187
373,13,197
374,13,198
375,13,199
376,13,200
377,13,201
378,13,202
379,13,203
380,13,204
381,13,205
382,13,206
383,13,210
384,13,212
385,13,213
386,13,214
387,13,215
388,13,216
389,13,217
390,13,218
391,13,219
392,13,221
393,13,222
394,13,223
395,13,224
396,13,225
397,16,242
398,16,243
399,16,244
400,16,245
401,16,246
402,16,247
403,16,248
404,16,249
405,22,371
406,22,372
407,22,229
408,22,373
409,22,374
410,22,375
411,22,376
412,22,230
413,22,377
414,22,378
415,22,379
416,22,380
417,22,381
418,22,382
419,22,383
420,22,384
421,22,385
422,22,386
423,22,387
424,22,388
425,22,389
426,22,390
427,40,623
428,40,624
429,40,625
430,40,626
431,40,627
432,40,628
433,91,1146
434,91,1148
435,91,570
436,91,1149
437,91,1150
438,91,1151
439,91,1152
440,91,1153
441,91,1154
442,91,1155
443,91,222
444,91,223
445,91,1156
446,91,1157
447,2,21
448,2,24
449,2,25
450,2,26
451,2,27
452,2,30
453,2,31
454,2,32
455,2,33
456,2,34
457,2,37
458,2,38
459,2,39
460,2,41
461,2,43
462,2,44
463,2,45
464,2,46
465,2,48
466,2,53
467,2,64
468,2,65
469,2,74
470,3,21
471,3,30
472,3,31
473,3,33
474,5,48
475,10,187
476,11,187
477,12,187
478,15,229
479,15,230
480,17,242
481,17,243
482,18,242
483,18,243
484,18,244
485,35,570
486,44,390
487,85,203
488,87,197
489,90,1146
490,2,22
491,2,23
492,2,28
493,2,29
494,2,35
495,2,36
496,2,40
497,2,42
498,2,47
499,2,49
500,2,50
501,2,51
502,2,52
503,2,54
504,2,55
505,2,56
506,2,57
507,2,58
508,2,59
509,2,60
510,2,61
511,2,62
512,2,63
513,2,66
514,2,67
515,2,68
516,2,69
517,2,70
518,2,71
519,2,72
520,2,73
521,2,75
522,2,76
523,3,23
524,3,77
525,5,22
526,5,29
527,5,95
528,5,96
529,5,40
530,5,97
531,10,188
532,10,189
533,10,190
534,11,191
535,11,192
536,11,193
537,11,194
538,11,195
539,11,196
540,15,226
541,15,231
542,15,232
543,15,233
544,15,234
545,15,235
546,15,236
547,15,237
548,15,238
549,15,239
550,15,240
551,15,241
552,17,251
553,17,252
554,17,253
555,17,254
556,17,255
557,17,256
558,17,257
559,17,258
560,18,259
561,18,260
562,18,261
563,18,262
564,18,263
565,18,264
566,18,265
567,18,266
568,18,267
569,18,268
570,18,269
571,18,270
572,18,271
573,18,272
574,35,540
575,35,568
576,35,569
577,35,549
578,35,571
579,35,572
580,35,573
581,35,574
582,35,575
583,35,558
584,35,576
585,35,417
586,35,577
587,44,653
588,44,654
589,44,655
590,44,656
591,44,657
592,44,658
593,44,659
594,44,660
595,44,661
596,44,662
597,44,663
598,44,664
599,44,665
600,44,666
601,44,667
602,44,668
603,44,669
604,44,670
605,44,671
606,44,427
607,44,672
608,44,673
609,44,674
610,44,675
611,44,676
612,44,677
613,44,678
614,44,679
615,44,680
616,44,681
617,44,682
618,44,683
619,44,428
620,44,429
621,44,684
622,44,685
623,44,686
624,44,687
625,44,688
626,44,689
627,44,690
628,44,691
629,44,692
630,44,693
631,44,694
632,44,695
633,44,696
634,44,697
635,44,698
636,44,430
637,44,699
638,44,700
639,44,701
640,44,702
641,44,703
642,44,704
643,44,705
644,44,706
645,44,707
646,44,708
647,44,709
648,44,710
649,44,711
650,44,712
651,44,713
652,44,714
653,44,715
654,44,716
655,44,717
656,44,718
657,44,719
658,44,720
659,44,721
660,44,722
661,44,723
662,44,724
663,44,725
664,44,726
665,44,727
666,44,431
667,44,728
668,44,729
669,44,730
670,44,731
671,44,732
672,44,733
673,44,734
674,44,735
675,44,736
676,44,737
677,44,738
678,44,739
679,44,740
680,44,741
681,44,742
682,44,743
683,44,744
684,44,745
685,44,746
686,44,747
687,44,748
688,44,749
689,44,750
690,44,751
691,44,752
692,44,753
693,44,754
694,44,755
695,44,756
696,44,757
697,44,758
698,44,759
699,44,760
700,44,761
701,44,762
702,85,1059
703,85,1060
704,85,1073
705,85,1074
706,85,1075
707,85,1076
708,85,1062
709,85,1063
710,85,1077
711,85,1078
712,85,1079
713,85,1080
714,85,1081
715,85,1065
716,85,1066
717,85,1082
718,85,1067
719,85,1068
720,85,1083
721,85,1070
722,85,1084
723,85,1085
724,85,1086
725,85,1087
726,85,1088
727,85,1089
728,85,1090
729,85,1091
730,85,1092
731,85,1093
732,85,1094
733,85,1095
734,85,1096
735,85,1097
736,87,923
737,87,1098
738,90,1147
739,14,226
740,24,417
741,26,427
742,26,428
743,26,429
744,26,430
745,26,431
746,34,540
747,34,549
748,34,558
749,36,191
750,37,191
751,69,923
752,76,717
753,76,739
754,82,661
755,84,1059
756,84,1060
757,84,1062
758,84,1063
759,84,1065
760,84,1066
761,84,1067
762,84,1068
763,84,1070
764,86,1059
765,86,1062
766,86,1063
767,86,1066
768,92,1075
769,92,1079
770,92,1080
771,92,1081
772,92,1082
773,94,1079
774,107,192
775,14,227
776,14,228
777,24,391
778,24,393
779,24,394
780,24,395
781,24,396
782,24,397
783,24,398
784,24,392
785,24,399
786,24,400
787,24,401
788,24,402
789,24,403
790,24,404
791,24,405
792,24,406
793,24,407
794,24,408
795,24,409
796,24,410
797,24,411
798,24,412
799,24,413
800,24,414
801,24,415
802,24,416
803,24,418
804,24,419
805,24,420
806,26,426
807,34,541
808,34,542
809,34,543
810,34,544
811,34,545
812,34,546
813,34,547
814,34,548
815,34,550
816,34,551
817,34,552
818,34,553
819,34,554
820,34,555
821,34,556
822,34,557
823,34,559
824,34,560
825,34,561
826,34,562
827,34,563
828,34,564
829,34,565
830,34,566
831,34,567
832,36,578
833,36,579
834,36,580
835,36,581
836,36,582
837,36,583
838,36,584
839,36,585
840,36,586
841,36,587
842,36,588
843,36,589
844,36,590
845,36,591
846,36,592
847,36,593
848,36,594
849,36,595
850,36,596
851,36,597
852,36,598
853,36,599
854,36,600
855,36,601
856,36,602
857,36,603
858,36,604
859,36,605
860,36,606
861,36,607
862,36,608
863,36,609
864,36,610
865,36,611
866,36,612
867,36,613
868,37,584
869,37,587
870,37,588
871,37,614
872,37,615
873,37,599
874,69,918
875,69,919
876,69,920
877,69,921
878,69,922
879,69,924
880,69,925
881,69,926
882,69,927
883,69,928
884,69,929
885,69,930
886,69,931
887,69,932
888,69,933
889,69,934
890,69,935
891,69,936
892,69,937
893,76,993
894,76,994
895,76,995
896,76,996
897,76,997
898,76,998
899,76,999
900,76,1000
901,76,1001
902,76,1002
903,76,1003
904,76,1004
905,76,1005
906,76,1006
907,82,1035
908,82,1036
909,82,1037
910,82,1038
911,82,1039
912,82,1040
913,82,1041
914,82,1042
915,82,1043
916,82,1044
917,82,1045
918,82,1046
919,82,1047
920,82,1048
921,82,1049
922,82,1050
923,82,1051
924,82,1052
925,82,1053
926,84,1061
927,84,1064
928,84,1069
929,84,1071
930,84,1072
931,84,823
932,84,824
933,86,1061
934,92,1158
935,92,1159
936,92,1160
937,92,1161
938,92,1162
939,92,1163
940,92,1164
941,92,1165
942,92,1166
943,92,1167
944,92,1168
945,92,1169
946,92,1170
947,92,1171
948,92,1172
949,92,1173
950,92,152
951,92,1174
952,92,1175
953,92,1176
954,92,1177
955,92,1178
956,92,1179
957,92,1180
958,92,1181
959,92,1182
960,92,1183
961,92,1184
962,92,1185
963,92,1186
964,92,1187
965,92,1188
966,92,1189
967,92,1190
968,92,1125
969,94,1158
970,94,1231
971,94,1162
972,94,1165
973,94,1166
974,94,1232
975,94,1233
976,94,1234
977,94,1235
978,94,1236
979,94,1237
980,94,1238
981,94,128
982,94,1033
983,94,1239
984,94,1240
985,94,1241
986,94,1242
987,94,1243
988,94,1244
989,94,1245
990,94,134
991,94,1246
992,94,1247
993,94,135
994,94,1248
995,94,1249
996,94,1250
997,94,1251
998,94,1252
999,94,145
1000,94,1253
1001,107,1360
1002,107,1361
1003,107,1362
1004,107,1363
1005,107,1364
1006,107,1227
1007,7,128
1008,7,134
1009,7,135
1010,7,145
1011,9,152
1012,23,391
1013,23,392
1014,25,391
1015,25,393
1016,25,397
1017,25,410
1018,25,418
1019,38,541
1020,55,823
1021,55,824
1022,56,546
1023,57,546
1024,68,918
1025,81,1033
1026,83,1035
1027,83,1038
1028,83,1039
1029,83,1040
1030,83,1041
1031,83,1046
1032,83,1051
1033,88,1125
1034,89,995
1035,89,998
1036,93,1158
1037,93,1159
1038,93,1162
1039,93,1165
1040,93,1166
1041,93,1167
1042,93,1170
1043,93,1227
1044,108,1360
1045,108,1361
1046,108,1227
1047,110,604
1048,116,601
1049,116,606
1050,116,611
1051,116,612
1052,7,109
1053,7,110
1054,7,111
1055,7,112
1056,7,113
1057,7,114
1058,7,115
1059,7,116
1060,7,117
1061,7,118
1062,7,119
1063,7,120
1064,7,121
1065,7,122
1066,7,123
1067,7,124
1068,7,125
1069,7,126
1070,7,127
1071,7,129
1072,7,130
1073,7,131
1074,7,132
1075,7,133
1076,7,136
1077,7,137
1078,7,138
1079,7,139
1080,7,140
1081,7,141
1082,7,142
1083,7,143
1084,7,144
1085,9,109
1086,9,110
1087,9,113
1088,9,114
1089,9,151
1090,9,153
1091,9,154
1092,9,155
1093,9,156
1094,9,157
1095,9,158
1096,9,159
1097,9,160
1098,9,161
1099,9,162
1100,9,163
1101,9,164
1102,9,165
1103,9,166
1104,9,167
1105,9,168
1106,9,169
1107,9,170
1108,9,171
1109,9,172
1110,9,173
1111,9,174
1112,9,175
1113,9,176
1114,9,177
1115,9,178
1116,9,179
1117,9,180
1118,9,181
1119,9,182
1120,9,183
1121,9,184
1122,9,185
1123,9,186
1124,25,421
1125,25,422
1126,25,423
1127,25,424
1128,25,425
1129,55,803
1130,55,815
1131,55,804
1132,55,816
1133,55,817
1134,55,818
1135,55,819
1136,55,820
1137,55,821
1138,55,822
1139,55,814
1140,55,825
1141,55,826
1142,55,812
1143,55,813
1144,56,827
1145,56,828
1146,56,829
1147,57,827
1148,57,830
1149,57,831
1150,57,832
1151,57,833
1152,57,834
1153,57,828
1154,57,835
1155,57,836
1156,57,837
1157,57,838
1158,57,839
1159,57,840
1160,57,841
1161,57,842
1162,81,1027
1163,81,1032
1164,81,1028
1165,81,1034
1166,83,1054
1167,83,1055
1168,83,1056
1169,83,1057
1170,83,1058
1171,88,1099
1172,88,1100
1173,88,1101
1174,88,1102
1175,88,1103
1176,88,1104
1177,88,1105
1178,88,1106
1179,88,1107
1180,88,1108
1181,88,1109
1182,88,1110
1183,88,1111
1184,88,1112
1185,88,1113
1186,88,1114
1187,88,1115
1188,88,1116
1189,88,1117
1190,88,1118
1191,88,1119
1192,88,1120
1193,88,1121
1194,88,1122
1195,88,1123
1196,88,1124
1197,88,1126
1198,88,1127
1199,88,1128
1200,88,1129
1201,89,1099
1202,89,1130
1203,89,1131
1204,89,1101
1205,89,1132
1206,89,1133
1207,89,1102
1208,89,1104
1209,89,1106
1210,89,1107
1211,89,1134
1212,89,1110
1213,89,1112
1214,89,1135
1215,89,1113
1216,89,1114
1217,89,1136
1218,89,1137
1219,89,1138
1220,89,1139
1221,89,1118
1222,89,1140
1223,89,1120
1224,89,1121
1225,89,1141
1226,89,1142
1227,89,1123
1228,89,1143
1229,89,1126
1230,89,1144
1231,89,1129
1232,89,1145
1233,93,1191
1234,93,1192
1235,93,1193
1236,93,1194
1237,93,1195
1238,93,1196
1239,93,1197
1240,93,1198
1241,93,1199
1242,93,1200
1243,93,1201
1244,93,1202
1245,93,1203
1246,93,1204
1247,93,1205
1248,93,1206
1249,93,1207
1250,93,1208
1251,93,1209
1252,93,1210
1253,93,1211
1254,93,1212
1255,93,1213
1256,93,1214
1257,93,1215
1258,93,1216
1259,93,1217
1260,93,1218
1261,93,1219
1262,93,1220
1263,93,1221
1264,93,1222
1265,93,1223
1266,93,1224
1267,93,1225
1268,93,1226
1269,93,1228
1270,93,1229
1271,93,1230
1272,108,1365
1273,108,1366
1274,108,1367
1275,108,1368
1276,110,1369
1277,110,1372
1278,110,1373
1279,110,1374
1280,110,1375
1281,110,1376
1282,110,1377
1283,110,1370
1284,110,1378
1285,110,1379
1286,110,1380
1287,110,1381
1288,110,1382
1289,116,1439
1290,116,1442
1291,116,1443
1292,116,1444
1293,116,1445
1294,116,1446
1295,116,1420
1296,116,1447
1297,116,1448
1298,116,1449
1299,116,1450
1300,116,1451
1301,116,1452
1302,116,1453
1303,116,1454
1304,116,1455
1305,116,1456
1306,116,1457
1307,116,1458
1308,116,1459
1309,116,1460
1310,116,1461
1311,116,1462
1312,116,1463
1313,116,1464
1314,116,1465
1315,116,1466
1316,116,1467
1317,116,336
1318,116,1468
1319,116,1469
1320,116,1470
1321,116,1471
1322,116,1472
1323,116,1473
1324,116,1474
1325,116,1475
1326,116,1476
1327,116,1477
1328,116,1478
1329,116,1479
1330,116,1480
1331,116,1481
1332,116,1482
1333,116,1483
1334,116,1484
1335,116,1485
1336,116,1486
1337,116,1487
1338,116,1488
1339,116,1489
1340,116,1490
1341,116,1491
1342,116,1492
1343,116,1493
1344,116,1494
1345,116,1495
1346,116,1496
1347,116,1497
1348,116,1498
1349,116,1499
1350,116,1500
1351,116,1501
1352,116,1502
1353,116,1503
1354,116,1504
1355,116,1505
1356,116,1506
1357,116,1507
1358,116,1508
1359,116,1509
1360,8,109
1361,8,110
1362,8,112
1363,8,113
1364,8,114
1365,8,116
1366,8,117
1367,8,120
1368,8,123
1369,8,126
1370,8,127
1371,8,129
1372,21,336
1373,48,803
1374,48,804
1375,49,803
1376,49,804
1377,50,803
1378,51,803
1379,51,804
1380,51,812
1381,51,813
1382,52,803
1383,53,803
1384,53,814
1385,54,803
1386,54,815
1387,79,1027
1388,79,1028
1389,80,1027
1390,80,1028
1391,97,1137
1392,97,1141
1393,97,1142
1394,109,1369
1395,109,1370
1396,111,1220
1397,112,1420
1398,113,1220
1399,115,1439
1400,8,146
1401,8,147
1402,8,148
1403,8,149
1404,8,150
1405,21,290
1406,21,302
1407,21,303
1408,21,304
1409,21,305
1410,21,306
1411,21,307
1412,21,308
1413,21,309
1414,21,310
1415,21,311
1416,21,312
1417,21,313
1418,21,314
1419,21,315
1420,21,316
1421,21,317
1422,21,318
1423,21,319
1424,21,320
1425,21,321
1426,21,322
1427,21,323
1428,21,324
1429,21,325
1430,21,326
1431,21,327
1432,21,328
1433,21,329
1434,21,330
1435,21,331
1436,21,332
1437,21,333
1438,21,334
1439,21,335
1440,21,337
1441,21,338
1442,21,339
1443,21,340
1444,21,341
1445,21,342
1446,21,343
1447,21,344
1448,21,345
1449,21,346
1450,21,347
1451,21,348
1452,21,349
1453,21,350
1454,21,351
1455,21,352
1456,21,353
1457,21,354
1458,21,355
1459,21,356
1460,21,357
1461,21,358
1462,21,359
1463,21,360
1464,21,361
1465,21,362
1466,21,363
1467,21,364
1468,21,365
1469,21,366
1470,21,367
1471,21,368
1472,21,369
1473,21,370
1474,49,805
1475,49,806
1476,49,807
1477,49,808
1478,49,809
1479,49,810
1480,51,808
1481,51,811
1482,80,1029
1483,80,1030
1484,80,1031
1485,97,1254
1486,97,1270
1487,97,1255
1488,97,1256
1489,97,1271
1490,97,1257
1491,97,1272
1492,97,1273
1493,97,1274
1494,97,1275
1495,97,1276
1496,97,992
1497,109,1371
1498,111,1383
1499,111,1384
1500,111,1385
1501,111,1386
1502,111,1387
1503,111,1388
1504,111,1389
1505,111,1390
1506,111,1391
1507,111,315
1508,111,1392
1509,111,1393
1510,111,1394
1511,111,1395
1512,111,1396
1513,111,1397
1514,111,1398
1515,111,1399
1516,111,1400
1517,111,1401
1518,111,1402
1519,111,1403
1520,111,1404
1521,111,1405
1522,111,1406
1523,111,1407
1524,111,1408
1525,111,1409
1526,111,1410
1527,111,1411
1528,111,1412
1529,111,1413
1530,112,1414
1531,112,1415
1532,112,1416
1533,112,1417
1534,112,1418
1535,112,1013
1536,112,1419
1537,112,1421
1538,112,1422
1539,112,1423
1540,113,1414
1541,113,1424
1542,113,1416
1543,113,1417
1544,113,1425
1545,113,1426
1546,113,1421
1547,113,1422
1548,113,1427
1549,113,1428
1550,113,1397
1551,113,1429
1552,113,1430
1553,113,1431
1554,113,1400
1555,113,1432
1556,113,1433
1557,113,1434
1558,113,1435
1559,113,1436
1560,113,1437
1561,113,1438
1562,115,1425
1563,115,1440
1564,115,1441
1565,20,290
1566,27,365
1567,42,313
1568,42,314
1569,42,339
1570,42,341
1571,42,344
1572,42,349
1573,42,351
1574,42,355
1575,42,357
1576,42,366
1577,42,369
1578,42,370
1579,43,344
1580,43,355
1581,43,370
1582,74,992
1583,78,1013
1584,95,1254
1585,95,1255
1586,95,1256
1587,95,1257
1588,96,1254
1589,103,316
1590,103,317
1591,103,321
1592,103,324
1593,114,1414
1594,114,1417
1595,114,1421
1596,114,1422
1597,114,1427
1598,114,1428
1599,114,1429
1600,118,1274
1601,118,1275
1602,20,291
1603,20,292
1604,20,293
1605,20,294
1606,20,295
1607,20,296
1608,20,297
1609,20,298
1610,20,299
1611,20,300
1612,20,301
1613,27,432
1614,27,433
1615,27,434
1616,27,435
1617,27,436
1618,27,437
1619,27,438
1620,27,439
1621,27,440
1622,27,441
1623,27,442
1624,27,443
1625,42,646
1626,42,647
1627,42,648
1628,42,649
1629,42,650
1630,43,646
1631,43,647
1632,43,648
1633,43,651
1634,43,652
1635,74,963
1636,74,972
1637,74,973
1638,74,974
1639,74,975
1640,74,976
1641,74,977
1642,74,978
1643,74,979
1644,74,980
1645,74,981
1646,74,982
1647,74,983
1648,74,984
1649,74,985
1650,74,986
1651,74,987
1652,74,988
1653,74,989
1654,74,990
1655,74,991
1656,78,1007
1657,78,1010
1658,78,1011
1659,78,1012
1660,78,1014
1661,78,1015
1662,78,1016
1663,78,1017
1664,78,1018
1665,78,1019
1666,78,1020
1667,78,1021
1668,78,1022
1669,78,1023
1670,78,1024
1671,78,1025
1672,78,1026
1673,95,1258
1674,95,1259
1675,95,1260
1676,95,1261
1677,95,1262
1678,95,1263
1679,96,1264
1680,96,1265
1681,96,1266
1682,96,1267
1683,96,1268
1684,96,1269
1685,96,1263
1686,103,1311
1687,103,1312
1688,103,1313
1689,103,1314
1690,103,1315
1691,103,1316
1692,103,1317
1693,103,1318
1694,103,1319
1695,103,1320
1696,103,1321
1697,103,1322
1698,118,1510
1699,118,1523
1700,118,1511
1701,118,1524
1702,118,1525
1703,118,1526
1704,118,1527
1705,118,1528
1706,118,1529
1707,118,1530
1708,118,1531
1709,118,1532
1710,28,432
1711,28,433
1712,28,434
1713,28,435
1714,28,437
1715,28,438
1716,28,439
1717,28,440
1718,28,442
1719,28,443
1720,29,432
1721,29,433
1722,29,434
1723,29,435
1724,29,437
1725,29,438
1726,29,439
1727,29,441
1728,29,442
1729,30,432
1730,73,963
1731,75,963
1732,77,1007
1733,99,437
1734,104,1311
1735,117,1510
1736,117,1511
1737,28,444
1738,28,445
1739,28,446
1740,28,447
1741,28,448
1742,28,449
1743,28,450
1744,28,451
1745,29,452
1746,29,453
1747,29,454
1748,29,455
1749,29,456
1750,29,457
1751,29,458
1752,29,459
1753,29,460
1754,29,461
1755,30,462
1756,30,463
1757,30,464
1758,30,444
1759,30,456
1760,30,465
1761,30,446
1762,30,466
1763,30,467
1764,30,468
1765,30,469
1766,30,470
1767,30,471
1768,30,472
1769,30,473
1770,30,474
1771,30,475
1772,73,964
1773,73,965
1774,73,966
1775,73,967
1776,73,968
1777,73,969
1778,73,970
1779,73,971
1780,75,964
1781,75,965
1782,75,966
1783,75,971
1784,77,1008
1785,77,1009
1786,99,452
1787,99,1277
1788,99,1278
1789,99,1279
1790,99,1280
1791,99,1281
1792,99,1282
1793,99,457
1794,99,1283
1795,99,1284
1796,99,1285
1797,99,1286
1798,99,1287
1799,99,1288
1800,99,1289
1801,99,1290
1802,99,1291
1803,99,458
1804,99,1292
1805,99,1293
1806,99,459
1807,99,1294
1808,99,1295
1809,99,1296
1810,99,1297
1811,99,1298
1812,99,1299
1813,99,1300
1814,104,1323
1815,104,1324
1816,104,1325
1817,117,1512
1818,117,1513
1819,117,1514
1820,117,1515
1821,117,1516
1822,117,1517
1823,117,1518
1824,117,1519
1825,117,1520
1826,117,872
1827,117,1521
1828,117,873
1829,117,1522
1830,60,872
1831,60,873
1832,65,462
1833,65,465
1834,65,470
1835,65,475
1836,66,462
1837,67,462
1838,67,465
1839,67,475
1840,98,452
1841,98,454
1842,98,474
1843,119,1277
1844,119,1279
1845,119,1280
1846,120,1277
1847,60,843
1848,60,856
1849,60,857
1850,60,858
1851,60,859
1852,60,860
1853,60,861
1854,60,862
1855,60,863
1856,60,864
1857,60,865
1858,60,866
1859,60,867
1860,60,868
1861,60,869
1862,60,870
1863,60,871
1864,65,912
1865,65,913
1866,66,914
1867,66,915
1868,66,916
1869,66,917
1870,67,913
1871,119,1533
1872,119,1534
1873,119,1535
1874,119,1536
1875,119,1537
1876,119,1538
1877,119,1539
1878,119,1540
1879,119,1541
1880,119,1542
1881,120,1533
1882,120,1543
1883,120,1544
1884,120,1545
1885,120,1546
1886,120,1547
1887,120,1548
1888,120,1549
1889,120,1537
1890,120,1550
1891,120,1551
1892,120,1552
1893,120,1553
1894,120,1554
1895,120,1555
1896,120,1556
1897,120,1557
1898,120,1558
1899,120,1559
1900,120,1560
1901,120,1561
1902,120,1562
1903,120,1563
1904,120,1564
1905,120,1565
1906,120,1566
1907,120,1567
1908,120,1568
1909,120,1569
1910,120,1570
1911,58,843
1912,59,843
1913,61,843
1914,62,843
1915,63,843
1916,64,843
1917,58,844
1918,58,845
1919,58,846
1920,58,847
1921,58,848
1922,58,849
1923,58,850
1924,58,851
1925,58,852
1926,58,853
1927,58,854
1928,58,855
1929,59,845
1930,59,846
1931,59,847
1932,59,848
1933,59,850
1934,59,851
1935,61,874
1936,61,844
1937,61,875
1938,61,876
1939,61,877
1940,61,878
1941,61,879
1942,61,880
1943,61,881
1944,61,882
1945,61,883
1946,61,884
1947,61,885
1948,61,886
1949,61,887
1950,61,888
1951,61,889
1952,61,850
1953,61,890
1954,61,891
1955,61,892
1956,61,893
1957,61,894
1958,61,895
1959,61,896
1960,61,897
1961,61,898
1962,61,899
1963,61,900
1964,61,901
1965,61,902
1966,61,903
1967,61,904
1968,61,905
1969,61,906
1970,61,907
1971,62,876
1972,62,878
1973,62,884
1974,62,908
1975,62,888
1976,62,903
1977,62,909
1978,64,845
1979,64,910
1980,64,879
1981,64,881
1982,64,885
1983,64,908
1984,64,895
1985,64,911
1986,64,899
1987,64,900
1988,64,909
1989,64,907
