1,1,197
2,1,61
3,10,41
4,100,125
5,100,155
6,100,166
7,100,185
8,100,191
9,101,163
10,101,197
11,102,118
12,102,127
13,102,158
14,102,182
15,102,206
16,103,105
17,103,183
18,104,171
19,104,201
20,105,183
21,106,134
22,106,141
23,106,170
24,106,187
25,106,221
26,107,207
27,108,184
28,11,33
29,11,57
30,11,81
31,111,117
32,111,126
33,111,164
34,111,226
35,112,138
36,112,143
37,112,144
38,113,189
39,113,225
40,114,115
41,114,146
42,114,160
43,114,167
44,114,176
45,114,189
46,114,209
47,114,219
48,114,221
49,114,225
50,115,146
51,115,160
52,115,176
53,115,189
54,115,209
55,115,219
56,115,221
57,115,225
58,116,119
59,116,130
60,116,132
61,116,211
62,117,126
63,117,164
64,117,226
65,118,127
66,118,158
67,118,182
68,118,206
69,12,141
70,12,46
71,12,67
72,12,81
73,120,198
74,120,199
75,120,210
76,121,138
77,121,139
78,121,214
79,122,134
80,124,128
81,124,160
82,124,161
83,124,184
84,124,190
85,124,208
86,125,155
87,126,164
88,126,226
89,127,143
90,127,158
91,127,182
92,127,206
93,128,208
94,13,14
95,13,15
96,13,16
97,13,17
98,13,18
99,13,56
100,130,132
101,130,211
102,131,161
103,131,162
104,132,180
105,132,195
106,132,211
107,132,212
108,132,216
109,132,222
110,132,228
111,134,141
112,134,170
113,135,168
114,136,172
115,136,209
116,137,169
117,137,174
118,137,175
119,138,139
120,138,143
121,138,144
122,138,214
123,139,214
124,14,15
125,14,18
126,14,56
127,140,149
128,140,186
129,141,170
130,143,144
131,145,173
132,146,160
133,146,176
134,146,189
135,146,209
136,146,219
137,146,221
138,146,225
139,15,18
140,15,56
141,151,152
142,152,154
143,153,168
144,153,186
145,153,196
146,153,200
147,153,201
148,156,221
149,156,223
150,156,226
151,157,202
152,158,182
153,158,206
154,16,122
155,16,17
156,160,161
157,160,176
158,160,184
159,160,189
160,160,209
161,160,219
162,160,221
163,160,225
164,161,162
165,161,184
166,163,197
167,164,226
168,166,185
169,166,191
170,168,186
171,168,200
172,169,171
173,169,172
174,171,172
175,174,175
176,176,189
177,176,209
178,176,219
179,176,221
180,176,225
181,178,199
182,18,56
183,180,195
184,180,212
185,180,216
186,180,222
187,180,228
188,181,193
189,181,203
190,182,206
191,184,188
192,185,191
193,186,200
194,187,221
195,189,209
196,189,219
197,189,221
198,189,225
199,19,100
200,19,103
201,19,104
202,19,105
203,19,166
204,19,171
205,19,183
206,19,185
207,19,191
208,19,37
209,19,47
210,19,48
211,19,51
212,193,203
213,195,212
214,195,216
215,195,222
216,195,228
217,196,201
218,198,199
219,198,210
220,199,210
221,2,13
222,2,14
223,2,15
224,2,18
225,2,56
226,20,132
227,20,180
228,20,195
229,20,212
230,20,216
231,20,222
232,20,228
233,20,83
234,202,205
235,202,213
236,204,220
237,209,219
238,209,221
239,209,225
240,21,107
241,212,216
242,212,222
243,212,228
244,215,227
245,216,222
246,216,228
247,217,218
248,219,221
249,219,225
250,22,106
251,22,121
252,22,138
253,22,139
254,22,187
255,22,214
256,22,221
257,22,30
258,22,40
259,221,223
260,221,224
261,221,225
262,221,226
263,221,227
264,222,228
265,223,226
266,224,225
267,224,227
268,225,227
269,23,153
270,23,168
271,23,186
272,23,200
273,23,32
274,23,45
275,24,170
276,25,137
277,25,174
278,25,175
279,25,33
280,25,84
281,25,98
282,26,109
283,26,28
284,26,79
285,26,92
286,27,122
287,27,134
288,27,65
289,27,77
290,28,109
291,28,142
292,28,36
293,28,79
294,28,92
295,29,107
296,29,207
297,3,132
298,3,180
299,3,195
300,3,20
301,3,212
302,3,216
303,3,222
304,3,228
305,3,4
306,3,83
307,30,121
308,30,138
309,30,139
310,30,214
311,30,40
312,31,114
313,31,115
314,31,146
315,31,160
316,31,176
317,31,189
318,31,209
319,31,219
320,31,221
321,31,225
322,31,49
323,31,52
324,31,70
325,31,88
326,31,92
327,31,96
328,32,153
329,32,168
330,32,186
331,32,200
332,32,45
333,33,137
334,33,174
335,33,175
336,33,84
337,33,98
338,34,135
339,34,168
340,35,140
341,35,186
342,36,142
343,36,178
344,36,199
345,37,103
346,37,105
347,37,183
348,37,48
349,37,51
350,38,114
351,39,43
352,4,124
353,4,132
354,4,133
355,4,160
356,4,161
357,4,180
358,4,184
359,4,195
360,4,20
361,4,212
362,4,216
363,4,222
364,4,228
365,4,83
366,40,121
367,40,138
368,40,139
369,40,153
370,40,196
371,40,201
372,40,214
373,40,49
374,40,52
375,40,99
376,41,181
377,41,193
378,41,203
379,41,47
380,42,203
381,43,153
382,44,178
383,45,153
384,45,168
385,45,186
386,45,189
387,45,194
388,45,200
389,45,82
390,46,141
391,46,147
392,46,78
393,46,81
394,47,100
395,47,166
396,47,181
397,47,185
398,47,191
399,47,193
400,47,203
401,48,103
402,48,105
403,48,183
404,48,51
405,49,153
406,49,196
407,49,201
408,49,52
409,49,96
410,49,99
411,5,114
412,5,38
413,50,102
414,50,118
415,50,127
416,50,158
417,50,182
418,50,206
419,50,66
420,50,93
421,50,94
422,50,97
423,51,103
424,51,105
425,51,183
426,52,107
427,52,114
428,52,115
429,52,146
430,52,153
431,52,159
432,52,160
433,52,176
434,52,189
435,52,196
436,52,201
437,52,209
438,52,215
439,52,219
440,52,221
441,52,225
442,52,227
443,52,70
444,52,88
445,52,92
446,52,96
447,52,99
448,53,104
449,53,201
450,53,54
451,54,104
452,54,201
453,54,80
454,55,150
455,55,99
456,56,123
457,57,63
458,57,81
459,57,91
460,58,148
461,58,151
462,58,89
463,59,110
464,59,198
465,6,118
466,6,221
467,6,69
468,60,217
469,60,218
470,60,68
471,62,136
472,62,209
473,62,73
474,62,76
475,64,205
476,64,95
477,65,122
478,65,134
479,65,77
480,66,102
481,66,118
482,66,127
483,66,158
484,66,182
485,66,204
486,66,206
487,66,220
488,66,93
489,66,94
490,67,144
491,68,136
492,68,172
493,68,179
494,68,217
495,68,218
496,68,74
497,69,165
498,69,221
499,69,87
500,7,102
501,7,118
502,7,127
503,7,158
504,7,182
505,7,206
506,7,50
507,7,66
508,7,93
509,7,94
510,70,114
511,70,115
512,70,146
513,70,154
514,70,160
515,70,176
516,70,189
517,70,209
518,70,219
519,70,221
520,70,225
521,70,88
522,70,92
523,70,96
524,71,202
525,71,213
526,72,100
527,72,125
528,72,155
529,73,136
530,73,209
531,73,76
532,75,200
533,76,136
534,76,209
535,77,122
536,77,134
537,78,147
538,78,177
539,78,81
540,79,109
541,79,92
542,8,52
543,81,141
544,81,147
545,82,194
546,83,132
547,83,180
548,83,195
549,83,212
550,83,216
551,83,222
552,83,228
553,84,137
554,84,174
555,84,175
556,84,98
557,85,169
558,86,108
559,87,129
560,87,165
561,88,114
562,88,115
563,88,146
564,88,160
565,88,176
566,88,189
567,88,209
568,88,219
569,88,221
570,88,225
571,88,92
572,88,96
573,89,151
574,9,101
575,9,11
576,9,163
577,9,197
578,90,192
579,90,221
580,90,224
581,90,225
582,90,227
583,92,109
584,92,114
585,92,115
586,92,146
587,92,160
588,92,176
589,92,189
590,92,209
591,92,219
592,92,221
593,92,225
594,92,96
595,93,102
596,93,118
597,93,127
598,93,158
599,93,182
600,93,206
601,93,94
602,94,102
603,94,118
604,94,127
605,94,158
606,94,182
607,94,206
608,95,148
609,95,205
610,96,114
611,96,115
612,96,146
613,96,154
614,96,160
615,96,176
616,96,189
617,96,209
618,96,219
619,96,221
620,96,225
621,97,145
622,97,173
623,98,137
624,98,174
625,98,175
626,99,150
627,99,153
628,99,196
629,99,201
