1,1,2
2,1,258
3,1,3
4,1,368
5,1,4
6,1,469
7,1,470
8,1,471
9,1,5
10,1,6
11,1,7
12,100,101
13,101,127
14,102,171
15,102,197
16,103,104
17,103,105
18,103,107
19,103,108
20,104,105
21,104,106
22,104,107
23,104,108
24,104,109
25,104,110
26,104,111
27,104,112
28,104,113
29,105,106
30,105,107
31,105,557
32,105,806
33,105,807
34,107,108
35,107,109
36,107,133
37,107,134
38,107,135
39,108,311
40,11,12
41,11,161
42,11,210
43,11,304
44,11,347
45,11,413
46,11,417
47,11,526
48,11,527
49,11,535
50,11,536
51,110,111
52,111,430
53,112,820
54,112,821
55,112,822
56,114,115
57,114,116
58,114,117
59,114,118
60,114,129
61,114,170
62,114,177
63,114,178
64,114,179
65,114,180
66,114,181
67,114,182
68,114,183
69,114,184
70,114,185
71,114,270
72,114,278
73,114,435
74,114,484
75,114,485
76,115,116
77,115,117
78,115,118
79,115,152
80,115,153
81,115,154
82,115,155
83,115,156
84,115,157
85,115,179
86,115,270
87,115,278
88,115,435
89,115,484
90,115,485
91,116,117
92,116,118
93,117,118
94,117,406
95,117,435
96,117,436
97,117,437
98,117,438
99,117,439
100,117,440
101,117,441
102,117,442
103,117,443
104,117,462
105,117,463
106,118,690
107,118,691
108,119,120
109,119,121
110,119,122
111,119,355
112,119,567
113,12,210
114,12,224
115,12,304
116,12,347
117,12,37
118,12,376
119,12,390
120,12,413
121,12,419
122,12,432
123,12,459
124,12,515
125,12,612
126,12,613
127,12,684
128,120,121
129,120,122
130,120,355
131,120,567
132,121,122
133,121,355
134,121,567
135,122,183
136,122,355
137,122,567
138,122,622
139,123,137
140,123,138
141,123,804
142,123,805
143,124,125
144,124,126
145,124,211
146,124,242
147,124,382
148,124,383
149,124,384
150,124,385
151,125,126
152,125,356
153,125,357
154,126,155
155,126,379
156,126,399
157,126,609
158,126,624
159,126,725
160,126,726
161,126,727
162,128,179
163,128,261
164,128,302
165,128,307
166,128,438
167,128,469
168,128,482
169,128,483
170,128,511
171,128,550
172,128,780
173,128,785
174,128,786
175,128,840
176,128,841
177,128,842
178,128,843
179,128,844
180,128,845
181,128,848
182,129,130
183,129,131
184,129,159
185,129,165
186,129,166
187,129,167
188,129,168
189,129,169
190,129,170
191,129,177
192,129,178
193,129,179
194,129,180
195,129,181
196,129,182
197,129,183
198,129,184
199,129,185
200,129,324
201,129,434
202,129,612
203,129,677
204,129,705
205,129,706
206,129,784
207,13,14
208,13,15
209,13,164
210,13,57
211,13,58
212,13,59
213,13,60
214,13,838
215,130,131
216,130,554
217,130,584
218,130,585
219,130,586
220,130,587
221,130,588
222,130,589
223,130,590
224,130,591
225,130,592
226,130,593
227,130,594
228,130,595
229,130,596
230,130,597
231,130,598
232,132,199
233,132,457
234,132,649
235,132,749
236,132,791
237,134,136
238,136,764
239,137,138
240,137,163
241,138,163
242,139,408
243,14,15
244,14,57
245,14,58
246,14,59
247,14,60
248,140,189
249,140,190
250,140,193
251,140,194
252,140,195
253,140,203
254,141,142
255,141,143
256,141,193
257,141,759
258,142,143
259,142,759
260,143,759
261,144,145
262,144,146
263,144,147
264,144,148
265,145,146
266,145,160
267,145,203
268,145,246
269,145,329
270,145,396
271,145,410
272,145,456
273,145,493
274,145,655
275,145,656
276,145,657
277,145,783
278,147,148
279,147,291
280,15,316
281,15,524
282,150,185
283,150,347
284,150,406
285,150,471
286,150,548
287,150,549
288,150,550
289,150,551
290,150,552
291,150,553
292,150,554
293,150,555
294,150,574
295,150,577
296,150,613
297,150,659
298,150,660
299,150,661
300,150,662
301,150,663
302,150,664
303,150,665
304,150,666
305,150,667
306,150,668
307,150,697
308,150,753
309,150,754
310,150,755
311,150,756
312,151,284
313,151,364
314,151,516
315,152,153
316,152,154
317,152,155
318,152,156
319,152,157
320,153,154
321,153,155
322,153,156
323,153,157
324,153,322
325,153,367
326,153,422
327,153,494
328,153,528
329,153,529
330,153,782
331,154,155
332,154,156
333,154,157
334,155,156
335,155,157
336,155,159
337,155,161
338,155,368
339,155,379
340,155,399
341,155,441
342,155,475
343,155,476
344,155,477
345,155,478
346,155,479
347,155,480
348,155,481
349,155,545
350,155,606
351,155,607
352,155,608
353,155,609
354,155,610
355,155,611
356,155,624
357,155,651
358,155,652
359,155,701
360,155,725
361,155,726
362,155,727
363,156,157
364,157,399
365,157,550
366,157,767
367,157,768
368,158,289
369,158,337
370,158,338
371,159,165
372,159,166
373,159,167
374,159,168
375,159,169
376,159,170
377,159,183
378,159,187
379,159,692
380,16,17
381,16,18
382,160,161
383,160,246
384,160,329
385,160,456
386,160,496
387,160,532
388,160,655
389,160,656
390,160,657
391,161,172
392,161,173
393,161,176
394,161,179
395,161,196
396,161,251
397,161,282
398,161,293
399,161,312
400,161,317
401,161,322
402,161,358
403,161,368
404,161,377
405,161,381
406,161,386
407,161,387
408,161,393
409,161,399
410,161,430
411,161,441
412,161,508
413,161,526
414,161,527
415,161,537
416,161,545
417,161,606
418,161,607
419,161,608
420,161,609
421,161,610
422,161,611
423,161,707
424,161,720
425,162,699
426,162,702
427,162,703
428,163,279
429,164,837
430,164,838
431,165,166
432,165,167
433,165,168
434,165,169
435,165,170
436,166,167
437,166,168
438,166,169
439,166,170
440,166,186
441,166,779
442,167,168
443,167,169
444,167,170
445,167,325
446,168,169
447,168,170
448,168,339
449,168,340
450,168,341
451,168,342
452,169,170
453,17,504
454,170,177
455,170,178
456,170,179
457,170,180
458,170,181
459,170,182
460,170,183
461,170,184
462,170,185
463,170,636
464,171,334
465,171,335
466,172,173
467,174,175
468,174,616
469,174,617
470,174,618
471,175,616
472,175,617
473,175,618
474,177,178
475,177,179
476,177,180
477,177,181
478,177,182
479,177,183
480,177,184
481,177,185
482,178,179
483,178,180
484,178,181
485,178,182
486,178,183
487,178,184
488,178,185
489,178,270
490,178,394
491,178,395
492,179,180
493,179,181
494,179,182
495,179,183
496,179,184
497,179,185
498,179,251
499,179,270
500,179,278
501,179,282
502,179,307
503,179,346
504,179,361
505,179,368
506,179,435
507,179,438
508,179,482
509,179,484
510,179,485
511,179,494
512,179,550
513,179,556
514,179,690
515,179,699
516,179,720
517,179,780
518,179,792
519,179,831
520,18,19
521,18,20
522,18,21
523,18,22
524,180,181
525,180,182
526,180,183
527,180,184
528,180,185
529,181,182
530,181,183
531,181,184
532,181,185
533,181,380
534,181,538
535,182,183
536,182,184
537,182,185
538,183,184
539,183,185
540,183,187
541,183,307
542,183,361
543,183,517
544,183,518
545,183,519
546,183,520
547,183,521
548,183,556
549,183,622
550,183,699
551,184,185
552,185,324
553,185,406
554,185,548
555,185,549
556,185,550
557,185,551
558,185,552
559,185,553
560,185,554
561,185,555
562,185,565
563,185,612
564,185,678
565,185,679
566,185,788
567,185,789
568,185,790
569,186,187
570,186,332
571,186,447
572,186,495
573,186,542
574,187,517
575,187,518
576,187,519
577,187,520
578,187,521
579,187,818
580,188,332
581,188,635
582,188,669
583,188,670
584,188,671
585,189,190
586,189,191
587,189,192
588,189,193
589,189,194
590,189,195
591,189,203
592,19,20
593,19,21
594,19,22
595,190,191
596,190,192
597,190,193
598,190,194
599,190,195
600,190,203
601,191,192
602,193,194
603,193,195
604,193,203
605,193,710
606,193,711
607,194,195
608,194,203
609,195,203
610,196,198
611,197,198
612,2,3
613,2,4
614,2,5
615,2,6
616,2,7
617,20,21
618,20,22
619,200,201
620,200,283
621,201,283
622,202,203
623,203,396
624,203,410
625,203,417
626,203,431
627,203,536
628,203,832
629,204,358
630,204,391
631,204,396
632,204,409
633,205,206
634,207,208
635,208,507
636,208,829
637,208,830
638,209,210
639,210,304
640,210,413
641,211,247
642,211,248
643,211,249
644,211,382
645,211,383
646,211,384
647,212,378
648,212,379
649,212,400
650,212,401
651,212,402
652,212,572
653,212,609
654,212,645
655,212,798
656,212,799
657,212,800
658,212,801
659,212,802
660,212,803
661,214,215
662,214,216
663,214,217
664,214,238
665,214,242
666,214,245
667,214,267
668,214,268
669,214,269
670,214,270
671,214,271
672,214,272
673,214,273
674,214,274
675,214,275
676,214,276
677,214,277
678,214,278
679,214,367
680,214,368
681,214,369
682,214,370
683,214,371
684,214,372
685,214,373
686,214,374
687,214,397
688,214,404
689,214,498
690,214,500
691,214,792
692,214,793
693,214,794
694,214,795
695,214,796
696,214,827
697,214,828
698,215,216
699,215,217
700,215,238
701,215,273
702,215,370
703,215,373
704,215,374
705,215,827
706,215,828
707,216,217
708,218,219
709,219,576
710,22,121
711,22,122
712,220,229
713,220,230
714,220,231
715,220,235
716,220,236
717,220,237
718,220,814
719,221,743
720,221,744
721,221,745
722,222,223
723,224,225
724,224,336
725,224,359
726,224,684
727,225,765
728,226,227
729,226,250
730,226,331
731,226,336
732,226,770
733,226,819
734,229,230
735,229,231
736,229,235
737,229,236
738,229,237
739,229,318
740,229,319
741,23,162
742,23,699
743,23,702
744,23,703
745,230,231
746,230,235
747,230,236
748,230,237
749,230,814
750,232,233
751,232,234
752,233,234
753,234,509
754,234,510
755,234,511
756,234,512
757,234,513
758,235,236
759,235,237
760,235,317
761,235,318
762,235,319
763,236,237
764,236,317
765,238,273
766,238,370
767,238,373
768,238,374
769,238,827
770,238,828
771,239,240
772,239,241
773,239,242
774,239,243
775,239,244
776,239,245
777,24,140
778,24,189
779,24,190
780,24,193
781,24,194
782,24,195
783,24,203
784,24,25
785,24,40
786,240,241
787,240,242
788,240,243
789,240,244
790,240,245
791,240,326
792,240,327
793,240,328
794,241,242
795,241,243
796,241,244
797,241,245
798,241,326
799,241,327
800,241,328
801,242,243
802,242,244
803,242,245
804,242,248
805,242,267
806,242,268
807,242,269
808,242,270
809,242,271
810,242,272
811,242,273
812,242,274
813,242,275
814,242,276
815,242,277
816,242,278
817,242,328
818,242,343
819,242,344
820,242,345
821,242,346
822,242,367
823,242,371
824,242,385
825,242,403
826,242,404
827,242,488
828,242,497
829,242,498
830,242,499
831,242,500
832,242,501
833,242,502
834,242,503
835,242,801
836,243,244
837,243,245
838,244,245
839,245,371
840,245,372
841,245,373
842,245,374
843,245,397
844,245,404
845,245,498
846,245,500
847,245,792
848,245,793
849,245,794
850,245,795
851,245,796
852,246,329
853,246,456
854,246,655
855,246,656
856,246,657
857,247,248
858,247,249
859,248,249
860,248,273
861,248,404
862,248,500
863,248,801
864,249,365
865,249,366
866,249,486
867,249,487
868,25,100
869,25,139
870,25,464
871,25,472
872,25,473
873,25,474
874,25,51
875,250,322
876,250,421
877,250,433
878,250,530
879,250,531
880,250,770
881,251,282
882,251,720
883,252,279
884,252,280
885,252,308
886,252,309
887,252,323
888,252,542
889,252,643
890,252,746
891,254,255
892,254,488
893,256,257
894,258,259
895,258,260
896,258,261
897,258,262
898,258,263
899,258,264
900,258,265
901,258,368
902,258,469
903,258,470
904,258,471
905,259,260
906,259,261
907,259,262
908,259,263
909,259,264
910,259,265
911,26,27
912,26,28
913,26,523
914,26,573
915,260,261
916,260,262
917,260,263
918,260,264
919,260,265
920,261,262
921,261,263
922,261,264
923,261,265
924,261,469
925,261,482
926,261,483
927,261,550
928,261,780
929,261,785
930,261,786
931,262,263
932,262,264
933,262,265
934,263,264
935,263,265
936,264,265
937,265,439
938,265,570
939,265,731
940,265,732
941,265,733
942,265,734
943,265,735
944,265,736
945,265,737
946,265,738
947,266,316
948,266,771
949,267,268
950,267,269
951,267,270
952,267,271
953,267,272
954,267,273
955,267,274
956,267,275
957,267,276
958,267,277
959,267,278
960,268,269
961,268,270
962,268,271
963,268,272
964,268,273
965,268,274
966,268,275
967,268,276
968,268,277
969,268,278
970,269,270
971,269,271
972,269,272
973,269,273
974,269,274
975,269,275
976,269,276
977,269,277
978,269,278
979,269,367
980,269,371
981,269,497
982,269,498
983,269,499
984,27,28
985,270,271
986,270,272
987,270,273
988,270,274
989,270,275
990,270,276
991,270,277
992,270,278
993,270,368
994,270,371
995,270,394
996,270,395
997,270,403
998,270,404
999,270,435
1000,270,484
1001,270,485
1002,270,494
1003,271,272
1004,271,273
1005,271,274
1006,271,275
1007,271,276
1008,271,277
1009,271,278
1010,272,273
1011,272,274
1012,272,275
1013,272,276
1014,272,277
1015,272,278
1016,272,400
1017,272,401
1018,272,402
1019,272,403
1020,272,404
1021,273,274
1022,273,275
1023,273,276
1024,273,277
1025,273,278
1026,273,370
1027,273,373
1028,273,374
1029,273,404
1030,273,500
1031,273,801
1032,273,827
1033,273,828
1034,274,275
1035,274,276
1036,274,277
1037,274,278
1038,274,368
1039,274,371
1040,274,435
1041,274,494
1042,275,276
1043,275,277
1044,275,278
1045,276,277
1046,276,278
1047,277,278
1048,278,328
1049,278,403
1050,278,404
1051,278,435
1052,278,484
1053,278,485
1054,278,488
1055,278,500
1056,278,501
1057,278,502
1058,278,503
1059,279,280
1060,279,541
1061,279,542
1062,28,283
1063,28,742
1064,280,301
1065,281,282
1066,282,720
1067,282,810
1068,282,811
1069,282,813
1070,283,284
1071,283,285
1072,283,588
1073,283,649
1074,283,715
1075,283,716
1076,284,285
1077,284,364
1078,284,516
1079,285,577
1080,285,578
1081,285,588
1082,286,287
1083,286,413
1084,286,740
1085,286,741
1086,286,745
1087,286,747
1088,286,748
1089,286,749
1090,286,750
1091,286,751
1092,289,514
1093,289,542
1094,29,119
1095,29,120
1096,29,121
1097,29,122
1098,29,355
1099,29,567
1100,290,336
1101,290,634
1102,292,293
1103,292,414
1104,292,694
1105,293,508
1106,294,295
1107,294,296
1108,294,297
1109,294,298
1110,294,299
1111,294,379
1112,295,296
1113,295,297
1114,295,298
1115,295,299
1116,295,833
1117,296,297
1118,296,298
1119,296,299
1120,297,298
1121,297,299
1122,297,654
1123,298,299
1124,3,258
1125,3,259
1126,3,260
1127,3,261
1128,3,262
1129,3,263
1130,3,264
1131,3,265
1132,3,368
1133,3,4
1134,3,469
1135,3,470
1136,3,471
1137,3,5
1138,3,6
1139,3,7
1140,30,186
1141,30,445
1142,30,446
1143,30,447
1144,30,454
1145,30,455
1146,30,495
1147,300,301
1148,300,418
1149,301,450
1150,301,451
1151,301,568
1152,302,465
1153,302,489
1154,302,540
1155,302,653
1156,302,846
1157,302,848
1158,303,304
1159,303,305
1160,303,306
1161,304,305
1162,304,306
1163,304,413
1164,305,306
1165,307,361
1166,307,511
1167,307,556
1168,307,565
1169,307,582
1170,307,624
1171,307,699
1172,307,732
1173,307,792
1174,307,797
1175,307,840
1176,307,841
1177,307,842
1178,307,843
1179,307,844
1180,307,845
1181,308,309
1182,308,375
1183,309,674
1184,309,689
1185,31,32
1186,310,460
1187,310,461
1188,310,809
1189,311,358
1190,312,358
1191,312,393
1192,312,430
1193,313,314
1194,313,315
1195,314,315
1196,316,524
1197,318,319
1198,319,730
1199,32,289
1200,32,33
1201,32,34
1202,32,542
1203,320,321
1204,321,389
1205,321,605
1206,321,704
1207,322,421
1208,322,422
1209,322,433
1210,322,528
1211,322,529
1212,322,530
1213,322,531
1214,323,746
1215,324,612
1216,324,675
1217,324,676
1218,324,677
1219,324,678
1220,324,679
1221,324,705
1222,324,706
1223,324,784
1224,326,327
1225,326,328
1226,326,399
1227,326,610
1228,326,717
1229,326,767
1230,326,834
1231,327,328
1232,328,404
1233,328,488
1234,328,500
1235,328,501
1236,328,502
1237,328,503
1238,329,330
1239,329,456
1240,329,505
1241,329,556
1242,329,655
1243,329,656
1244,329,657
1245,329,672
1246,329,673
1247,329,693
1248,33,289
1249,33,34
1250,33,542
1251,330,358
1252,330,452
1253,332,542
1254,332,635
1255,332,671
1256,334,335
1257,336,634
1258,336,787
1259,336,819
1260,337,338
1261,339,340
1262,339,341
1263,339,342
1264,340,341
1265,340,342
1266,341,342
1267,343,344
1268,343,345
1269,343,346
1270,344,345
1271,344,346
1272,345,346
1273,345,681
1274,345,682
1275,345,683
1276,346,368
1277,346,494
1278,346,690
1279,346,792
1280,346,831
1281,347,376
1282,347,390
1283,347,419
1284,347,459
1285,347,515
1286,348,349
1287,348,350
1288,348,351
1289,348,352
1290,348,353
1291,348,354
1292,348,406
1293,348,556
1294,348,561
1295,348,696
1296,348,699
1297,348,708
1298,348,709
1299,348,712
1300,348,713
1301,348,714
1302,349,350
1303,349,351
1304,349,352
1305,349,353
1306,349,354
1307,35,114
1308,35,129
1309,35,159
1310,35,170
1311,35,177
1312,35,178
1313,35,179
1314,35,180
1315,35,181
1316,35,182
1317,35,183
1318,35,184
1319,35,185
1320,35,186
1321,35,187
1322,35,36
1323,35,426
1324,35,427
1325,35,428
1326,35,429
1327,35,517
1328,35,518
1329,35,519
1330,35,520
1331,35,521
1332,35,85
1333,350,351
1334,350,352
1335,350,353
1336,350,354
1337,351,352
1338,351,353
1339,351,354
1340,352,353
1341,352,354
1342,352,406
1343,352,556
1344,352,696
1345,352,708
1346,352,709
1347,353,354
1348,353,406
1349,353,556
1350,353,696
1351,353,708
1352,353,709
1353,355,567
1354,356,357
1355,358,391
1356,358,392
1357,358,452
1358,358,695
1359,36,114
1360,36,129
1361,36,159
1362,36,165
1363,36,166
1364,36,167
1365,36,168
1366,36,169
1367,36,170
1368,36,177
1369,36,178
1370,36,179
1371,36,180
1372,36,181
1373,36,182
1374,36,183
1375,36,184
1376,36,185
1377,36,285
1378,36,426
1379,36,427
1380,36,428
1381,36,429
1382,36,561
1383,36,562
1384,36,563
1385,36,564
1386,36,565
1387,36,577
1388,36,578
1389,36,85
1390,360,491
1391,360,492
1392,361,362
1393,361,363
1394,361,556
1395,361,699
1396,362,363
1397,364,516
1398,365,366
1399,367,368
1400,367,369
1401,367,370
1402,367,371
1403,367,494
1404,367,497
1405,367,498
1406,367,499
1407,367,782
1408,368,369
1409,368,370
1410,368,371
1411,368,399
1412,368,435
1413,368,441
1414,368,469
1415,368,470
1416,368,471
1417,368,473
1418,368,480
1419,368,494
1420,368,543
1421,368,544
1422,368,545
1423,368,546
1424,368,547
1425,368,606
1426,368,607
1427,368,608
1428,368,609
1429,368,610
1430,368,611
1431,368,624
1432,368,651
1433,368,652
1434,368,690
1435,368,792
1436,368,831
1437,369,370
1438,37,204
1439,37,208
1440,37,347
1441,37,358
1442,37,376
1443,37,388
1444,37,389
1445,37,390
1446,37,391
1447,37,392
1448,37,396
1449,37,409
1450,37,419
1451,37,459
1452,37,70
1453,370,373
1454,370,374
1455,370,827
1456,370,828
1457,371,372
1458,371,373
1459,371,374
1460,371,435
1461,371,494
1462,371,497
1463,371,498
1464,371,499
1465,372,373
1466,372,374
1467,373,374
1468,373,827
1469,373,828
1470,374,827
1471,374,828
1472,376,388
1473,376,389
1474,376,390
1475,376,419
1476,376,459
1477,376,515
1478,378,379
1479,378,400
1480,378,401
1481,378,402
1482,378,572
1483,378,609
1484,378,645
1485,378,739
1486,378,798
1487,378,799
1488,378,800
1489,378,801
1490,378,802
1491,378,803
1492,379,399
1493,379,400
1494,379,401
1495,379,402
1496,379,609
1497,379,624
1498,379,725
1499,379,726
1500,379,727
1501,379,798
1502,379,799
1503,379,800
1504,379,801
1505,379,802
1506,379,803
1507,38,39
1508,38,40
1509,38,41
1510,38,42
1511,38,43
1512,380,538
1513,382,383
1514,382,384
1515,383,384
1516,386,808
1517,388,389
1518,388,390
1519,389,390
1520,389,566
1521,389,605
1522,389,704
1523,39,525
1524,390,419
1525,390,459
1526,390,515
1527,391,392
1528,391,393
1529,393,417
1530,394,395
1531,395,619
1532,395,620
1533,395,621
1534,396,409
1535,396,410
1536,397,398
1537,397,399
1538,397,404
1539,397,498
1540,397,500
1541,397,792
1542,397,793
1543,397,794
1544,397,795
1545,397,796
1546,398,399
1547,399,441
1548,399,545
1549,399,550
1550,399,606
1551,399,607
1552,399,608
1553,399,609
1554,399,610
1555,399,611
1556,399,624
1557,399,701
1558,399,717
1559,399,725
1560,399,726
1561,399,727
1562,399,767
1563,399,768
1564,399,834
1565,4,258
1566,4,259
1567,4,260
1568,4,261
1569,4,262
1570,4,263
1571,4,264
1572,4,265
1573,4,5
1574,4,6
1575,4,7
1576,40,140
1577,40,189
1578,40,190
1579,40,193
1580,40,194
1581,40,195
1582,40,203
1583,400,401
1584,400,402
1585,400,609
1586,400,798
1587,400,799
1588,400,800
1589,400,801
1590,400,802
1591,400,803
1592,401,402
1593,401,609
1594,401,798
1595,401,799
1596,401,800
1597,401,801
1598,401,802
1599,401,803
1600,402,609
1601,402,798
1602,402,799
1603,402,800
1604,402,801
1605,402,802
1606,402,803
1607,403,404
1608,404,488
1609,404,498
1610,404,500
1611,404,501
1612,404,502
1613,404,503
1614,404,550
1615,404,606
1616,404,792
1617,404,793
1618,404,794
1619,404,795
1620,404,796
1621,404,801
1622,406,462
1623,406,463
1624,406,548
1625,406,549
1626,406,550
1627,406,551
1628,406,552
1629,406,553
1630,406,554
1631,406,555
1632,406,556
1633,406,696
1634,406,708
1635,406,709
1636,407,408
1637,408,444
1638,409,410
1639,409,424
1640,409,637
1641,41,205
1642,41,206
1643,411,412
1644,411,413
1645,411,535
1646,412,413
1647,413,740
1648,413,741
1649,413,745
1650,413,747
1651,413,748
1652,413,749
1653,414,415
1654,414,416
1655,414,539
1656,417,468
1657,417,535
1658,417,536
1659,419,459
1660,42,43
1661,420,421
1662,420,579
1663,421,433
1664,421,530
1665,421,531
1666,421,579
1667,421,580
1668,422,423
1669,422,528
1670,422,529
1671,424,425
1672,424,637
1673,426,427
1674,426,428
1675,426,429
1676,427,428
1677,427,429
1678,428,429
1679,429,680
1680,430,533
1681,430,534
1682,433,530
1683,433,531
1684,435,436
1685,435,437
1686,435,438
1687,435,439
1688,435,440
1689,435,441
1690,435,442
1691,435,443
1692,435,484
1693,435,485
1694,435,494
1695,435,651
1696,435,685
1697,435,686
1698,435,687
1699,435,688
1700,436,437
1701,436,438
1702,436,439
1703,436,440
1704,436,441
1705,436,442
1706,436,443
1707,437,438
1708,437,439
1709,437,440
1710,437,441
1711,437,442
1712,437,443
1713,437,448
1714,437,623
1715,437,624
1716,437,625
1717,437,626
1718,437,627
1719,437,628
1720,437,629
1721,437,630
1722,438,439
1723,438,440
1724,438,441
1725,438,442
1726,438,443
1727,438,469
1728,438,482
1729,438,550
1730,438,603
1731,438,604
1732,438,780
1733,438,835
1734,438,836
1735,439,440
1736,439,441
1737,439,442
1738,439,443
1739,439,570
1740,439,731
1741,439,732
1742,439,733
1743,439,734
1744,439,735
1745,439,736
1746,439,737
1747,439,738
1748,44,124
1749,44,125
1750,44,126
1751,44,155
1752,44,212
1753,44,218
1754,44,219
1755,44,242
1756,44,248
1757,44,273
1758,44,326
1759,44,378
1760,44,379
1761,44,399
1762,44,400
1763,44,401
1764,44,402
1765,44,404
1766,44,45
1767,44,46
1768,44,47
1769,44,500
1770,44,572
1771,44,609
1772,44,610
1773,44,624
1774,44,645
1775,44,717
1776,44,725
1777,44,726
1778,44,727
1779,44,739
1780,44,767
1781,44,798
1782,44,799
1783,44,800
1784,44,801
1785,44,802
1786,44,803
1787,44,834
1788,440,441
1789,440,442
1790,440,443
1791,441,442
1792,441,443
1793,441,545
1794,441,606
1795,441,607
1796,441,608
1797,441,609
1798,441,610
1799,441,611
1800,441,701
1801,442,443
1802,445,446
1803,447,495
1804,448,623
1805,448,624
1806,448,625
1807,448,626
1808,448,627
1809,448,628
1810,448,629
1811,448,630
1812,449,450
1813,449,451
1814,449,632
1815,45,124
1816,45,125
1817,45,126
1818,45,155
1819,45,161
1820,45,326
1821,45,368
1822,45,399
1823,45,441
1824,45,46
1825,45,47
1826,45,545
1827,45,606
1828,45,607
1829,45,608
1830,45,609
1831,45,610
1832,45,611
1833,45,701
1834,45,717
1835,45,767
1836,45,834
1837,450,451
1838,450,453
1839,451,453
1840,454,455
1841,456,573
1842,456,650
1843,456,655
1844,456,656
1845,456,657
1846,459,648
1847,46,47
1848,460,461
1849,462,463
1850,464,472
1851,464,473
1852,464,474
1853,465,466
1854,465,467
1855,468,614
1856,468,615
1857,469,470
1858,469,471
1859,469,482
1860,469,483
1861,469,550
1862,469,780
1863,469,785
1864,469,786
1865,469,835
1866,469,836
1867,47,125
1868,47,326
1869,47,356
1870,47,357
1871,47,399
1872,47,610
1873,47,717
1874,47,767
1875,47,834
1876,470,471
1877,471,574
1878,471,613
1879,471,659
1880,471,660
1881,471,661
1882,471,662
1883,471,663
1884,471,664
1885,471,665
1886,471,666
1887,471,667
1888,471,668
1889,472,473
1890,473,480
1891,473,543
1892,473,544
1893,473,545
1894,473,546
1895,473,547
1896,475,476
1897,475,477
1898,475,478
1899,475,479
1900,475,480
1901,475,481
1902,476,477
1903,476,478
1904,476,479
1905,476,480
1906,476,481
1907,477,478
1908,477,479
1909,477,480
1910,477,481
1911,478,479
1912,478,480
1913,478,481
1914,479,480
1915,479,481
1916,48,405
1917,48,86
1918,480,481
1919,480,543
1920,480,544
1921,480,545
1922,480,546
1923,480,547
1924,482,483
1925,482,550
1926,482,780
1927,482,785
1928,482,786
1929,483,550
1930,483,780
1931,483,785
1932,483,786
1933,484,485
1934,486,487
1935,488,500
1936,488,501
1937,488,502
1938,488,503
1939,489,490
1940,489,558
1941,489,559
1942,489,560
1943,49,117
1944,49,239
1945,49,240
1946,49,241
1947,49,242
1948,49,243
1949,49,244
1950,49,245
1951,49,307
1952,49,343
1953,49,344
1954,49,345
1955,49,346
1956,49,395
1957,49,435
1958,49,436
1959,49,437
1960,49,438
1961,49,439
1962,49,440
1963,49,441
1964,49,442
1965,49,443
1966,49,50
1967,49,565
1968,49,620
1969,49,621
1970,49,624
1971,49,638
1972,49,639
1973,49,640
1974,49,641
1975,49,651
1976,49,685
1977,49,686
1978,49,687
1979,49,688
1980,49,732
1981,49,792
1982,49,797
1983,491,492
1984,493,783
1985,494,690
1986,494,782
1987,494,792
1988,494,831
1989,497,498
1990,497,499
1991,498,499
1992,498,500
1993,498,792
1994,498,793
1995,498,794
1996,498,795
1997,498,796
1998,5,6
1999,5,7
2000,500,501
2001,500,502
2002,500,503
2003,500,792
2004,500,793
2005,500,794
2006,500,795
2007,500,796
2008,500,801
2009,501,502
2010,501,503
2011,502,503
2012,505,506
2013,509,510
2014,509,511
2015,509,512
2016,509,513
2017,51,139
2018,51,253
2019,51,52
2020,51,721
2021,51,722
2022,51,723
2023,510,511
2024,510,512
2025,510,513
2026,511,512
2027,511,513
2028,511,840
2029,511,841
2030,511,842
2031,511,843
2032,511,844
2033,511,845
2034,512,513
2035,517,518
2036,517,519
2037,517,520
2038,517,521
2039,518,519
2040,518,520
2041,518,521
2042,518,818
2043,519,520
2044,519,521
2045,520,521
2046,526,527
2047,528,529
2048,53,282
2049,53,54
2050,53,823
2051,53,824
2052,53,825
2053,53,826
2054,53,86
2055,530,531
2056,533,534
2057,535,536
2058,54,282
2059,54,86
2060,540,769
2061,543,544
2062,543,545
2063,543,546
2064,543,547
2065,544,545
2066,544,546
2067,544,547
2068,545,546
2069,545,547
2070,545,606
2071,545,607
2072,545,608
2073,545,609
2074,545,610
2075,545,611
2076,546,547
2077,548,549
2078,548,550
2079,548,551
2080,548,552
2081,548,553
2082,548,554
2083,548,555
2084,549,550
2085,549,551
2086,549,552
2087,549,553
2088,549,554
2089,549,555
2090,549,584
2091,549,599
2092,549,600
2093,549,601
2094,549,602
2095,55,174
2096,55,175
2097,55,56
2098,55,616
2099,55,617
2100,55,618
2101,550,551
2102,550,552
2103,550,553
2104,550,554
2105,550,555
2106,550,606
2107,550,767
2108,550,768
2109,550,780
2110,550,785
2111,550,786
2112,551,552
2113,551,553
2114,551,554
2115,551,555
2116,551,762
2117,552,553
2118,552,554
2119,552,555
2120,553,554
2121,553,555
2122,554,555
2123,554,584
2124,554,585
2125,554,586
2126,554,587
2127,554,588
2128,554,589
2129,554,590
2130,556,582
2131,556,583
2132,556,672
2133,556,673
2134,556,693
2135,556,696
2136,556,699
2137,556,708
2138,556,709
2139,558,559
2140,558,560
2141,559,560
2142,56,229
2143,561,562
2144,561,563
2145,561,564
2146,561,565
2147,561,699
2148,561,712
2149,561,713
2150,561,714
2151,562,563
2152,562,564
2153,562,565
2154,562,781
2155,563,564
2156,563,565
2157,563,699
2158,563,773
2159,563,774
2160,563,775
2161,563,776
2162,563,777
2163,563,778
2164,564,565
2165,565,624
2166,565,732
2167,565,788
2168,565,789
2169,565,790
2170,565,792
2171,565,797
2172,57,58
2173,57,59
2174,57,60
2175,570,731
2176,570,732
2177,570,733
2178,570,734
2179,570,735
2180,570,736
2181,570,737
2182,570,738
2183,571,572
2184,572,609
2185,572,645
2186,573,650
2187,574,575
2188,574,613
2189,574,659
2190,574,660
2191,574,661
2192,574,662
2193,574,663
2194,574,664
2195,574,665
2196,574,666
2197,574,667
2198,574,668
2199,577,578
2200,577,613
2201,577,697
2202,577,753
2203,577,754
2204,577,755
2205,577,756
2206,579,580
2207,58,59
2208,58,60
2209,582,583
2210,582,631
2211,584,585
2212,584,586
2213,584,587
2214,584,588
2215,584,589
2216,584,590
2217,584,591
2218,584,592
2219,584,593
2220,584,594
2221,584,595
2222,584,599
2223,584,600
2224,584,601
2225,584,602
2226,585,586
2227,585,587
2228,585,588
2229,585,589
2230,585,590
2231,586,587
2232,586,588
2233,586,589
2234,586,590
2235,586,591
2236,586,592
2237,586,593
2238,586,594
2239,586,595
2240,586,596
2241,586,597
2242,586,598
2243,587,588
2244,587,589
2245,587,590
2246,587,591
2247,587,592
2248,587,593
2249,587,594
2250,587,595
2251,588,589
2252,588,590
2253,589,590
2254,59,60
2255,591,592
2256,591,593
2257,591,594
2258,591,595
2259,592,593
2260,592,594
2261,592,595
2262,592,596
2263,592,597
2264,592,598
2265,593,594
2266,593,595
2267,594,595
2268,596,597
2269,596,598
2270,597,598
2271,599,600
2272,599,601
2273,599,602
2274,6,7
2275,600,601
2276,600,602
2277,601,602
2278,603,604
2279,605,704
2280,606,607
2281,606,608
2282,606,609
2283,606,610
2284,606,611
2285,606,701
2286,607,608
2287,607,609
2288,607,610
2289,607,611
2290,607,701
2291,608,609
2292,608,610
2293,608,611
2294,609,610
2295,609,611
2296,609,624
2297,609,645
2298,609,725
2299,609,726
2300,609,727
2301,609,739
2302,609,798
2303,609,799
2304,609,800
2305,609,801
2306,609,802
2307,609,803
2308,61,62
2309,61,63
2310,61,728
2311,61,729
2312,610,611
2313,610,717
2314,610,767
2315,610,834
2316,612,613
2317,612,677
2318,612,678
2319,612,679
2320,612,705
2321,612,706
2322,612,784
2323,613,659
2324,613,660
2325,613,661
2326,613,662
2327,613,663
2328,613,664
2329,613,665
2330,613,666
2331,613,667
2332,613,668
2333,613,697
2334,613,753
2335,613,754
2336,613,755
2337,613,756
2338,614,615
2339,614,700
2340,614,724
2341,615,724
2342,616,617
2343,616,618
2344,617,618
2345,619,620
2346,62,458
2347,62,63
2348,62,64
2349,62,65
2350,62,66
2351,62,67
2352,620,621
2353,621,642
2354,621,718
2355,621,719
2356,623,624
2357,623,625
2358,623,626
2359,623,627
2360,623,628
2361,623,629
2362,623,630
2363,624,625
2364,624,626
2365,624,627
2366,624,628
2367,624,629
2368,624,630
2369,624,651
2370,624,652
2371,624,725
2372,624,726
2373,624,727
2374,624,732
2375,624,792
2376,624,797
2377,625,626
2378,625,627
2379,625,628
2380,625,629
2381,625,630
2382,626,627
2383,626,628
2384,626,629
2385,626,630
2386,627,628
2387,627,629
2388,627,630
2389,628,629
2390,628,630
2391,629,630
2392,632,633
2393,632,644
2394,635,671
2395,637,658
2396,638,639
2397,638,640
2398,638,641
2399,639,640
2400,639,641
2401,64,293
2402,64,508
2403,64,65
2404,64,66
2405,64,760
2406,640,641
2407,642,646
2408,642,718
2409,642,719
2410,645,739
2411,649,749
2412,649,788
2413,649,815
2414,649,816
2415,649,817
2416,649,847
2417,65,66
2418,651,652
2419,651,685
2420,651,686
2421,651,687
2422,651,688
2423,655,656
2424,655,657
2425,656,657
2426,659,660
2427,659,661
2428,659,662
2429,659,663
2430,659,664
2431,659,665
2432,659,666
2433,659,667
2434,659,668
2435,660,661
2436,660,662
2437,660,663
2438,660,664
2439,660,665
2440,660,666
2441,660,667
2442,660,668
2443,661,662
2444,661,663
2445,661,664
2446,661,665
2447,661,666
2448,661,667
2449,661,668
2450,662,663
2451,662,664
2452,662,665
2453,662,666
2454,662,667
2455,662,668
2456,663,664
2457,663,665
2458,663,666
2459,663,667
2460,663,668
2461,664,665
2462,664,666
2463,664,667
2464,664,668
2465,665,666
2466,665,667
2467,665,668
2468,666,667
2469,666,668
2470,667,668
2471,669,670
2472,672,673
2473,672,693
2474,673,693
2475,674,689
2476,675,676
2477,675,677
2478,676,677
2479,677,705
2480,677,706
2481,678,679
2482,68,136
2483,68,297
2484,68,669
2485,68,69
2486,68,763
2487,68,79
2488,681,682
2489,681,683
2490,682,683
2491,685,686
2492,685,687
2493,685,688
2494,686,687
2495,686,688
2496,687,688
2497,690,691
2498,690,792
2499,690,831
2500,696,697
2501,696,708
2502,696,709
2503,697,753
2504,697,754
2505,697,755
2506,697,756
2507,698,699
2508,699,702
2509,699,703
2510,699,712
2511,699,713
2512,699,714
2513,699,773
2514,699,774
2515,699,775
2516,699,776
2517,699,777
2518,699,778
2519,70,204
2520,70,256
2521,70,257
2522,70,396
2523,70,409
2524,70,71
2525,70,752
2526,702,703
2527,705,706
2528,706,784
2529,708,709
2530,710,711
2531,712,713
2532,712,714
2533,713,714
2534,715,716
2535,717,767
2536,717,834
2537,718,719
2538,719,757
2539,719,758
2540,72,73
2541,722,723
2542,725,726
2543,725,727
2544,726,727
2545,728,729
2546,73,74
2547,731,732
2548,731,733
2549,731,734
2550,731,735
2551,731,736
2552,731,737
2553,731,738
2554,732,733
2555,732,734
2556,732,735
2557,732,736
2558,732,737
2559,732,738
2560,732,792
2561,732,797
2562,733,734
2563,733,735
2564,733,736
2565,733,737
2566,733,738
2567,734,735
2568,734,736
2569,734,737
2570,734,738
2571,735,736
2572,735,737
2573,735,738
2574,736,737
2575,736,738
2576,737,738
2577,74,313
2578,74,314
2579,74,315
2580,74,569
2581,74,582
2582,74,631
2583,74,96
2584,740,741
2585,740,745
2586,740,747
2587,740,748
2588,740,749
2589,741,744
2590,741,745
2591,741,747
2592,741,748
2593,741,749
2594,743,744
2595,743,745
2596,744,745
2597,744,747
2598,745,747
2599,745,748
2600,745,749
2601,747,748
2602,747,749
2603,748,749
2604,748,750
2605,748,751
2606,75,563
2607,750,751
2608,753,754
2609,753,755
2610,753,756
2611,754,755
2612,754,756
2613,755,756
2614,757,758
2615,76,252
2616,76,323
2617,76,333
2618,76,522
2619,76,746
2620,767,768
2621,767,834
2622,77,213
2623,77,225
2624,77,765
2625,773,774
2626,773,775
2627,773,776
2628,773,777
2629,773,778
2630,774,775
2631,774,776
2632,774,777
2633,774,778
2634,775,776
2635,775,777
2636,775,778
2637,776,777
2638,776,778
2639,777,778
2640,78,283
2641,78,715
2642,78,716
2643,78,772
2644,780,785
2645,780,786
2646,785,786
2647,788,789
2648,788,790
2649,788,815
2650,788,816
2651,788,817
2652,789,790
2653,79,763
2654,79,80
2655,79,81
2656,792,793
2657,792,794
2658,792,795
2659,792,796
2660,792,797
2661,792,831
2662,793,794
2663,793,795
2664,793,796
2665,794,795
2666,794,796
2667,795,796
2668,798,799
2669,798,800
2670,798,801
2671,798,802
2672,798,803
2673,799,800
2674,799,801
2675,799,802
2676,799,803
2677,8,10
2678,8,158
2679,8,337
2680,8,338
2681,8,647
2682,8,761
2683,8,766
2684,8,9
2685,80,183
2686,80,81
2687,80,82
2688,800,801
2689,800,802
2690,800,803
2691,801,802
2692,801,803
2693,802,803
2694,804,805
2695,806,807
2696,81,183
2697,81,82
2698,81,83
2699,81,84
2700,81,85
2701,810,811
2702,810,812
2703,810,813
2704,811,812
2705,811,813
2706,812,813
2707,815,816
2708,815,817
2709,816,817
2710,82,83
2711,82,84
2712,82,85
2713,820,821
2714,820,822
2715,821,822
2716,823,824
2717,823,825
2718,823,826
2719,824,825
2720,824,826
2721,825,826
2722,827,828
2723,829,830
2724,83,84
2725,83,85
2726,835,836
2727,84,85
2728,840,841
2729,840,842
2730,840,843
2731,840,844
2732,840,845
2733,841,842
2734,841,843
2735,841,844
2736,841,845
2737,842,843
2738,842,844
2739,842,845
2740,843,844
2741,843,845
2742,844,845
2743,85,426
2744,85,427
2745,85,428
2746,85,429
2747,86,316
2748,86,581
2749,87,88
2750,88,132
2751,88,228
2752,88,839
2753,88,91
2754,89,133
2755,89,145
2756,89,153
2757,89,161
2758,89,203
2759,89,322
2760,89,360
2761,89,396
2762,89,410
2763,89,422
2764,89,528
2765,89,529
2766,89,90
2767,89,91
2768,9,10
2769,9,158
2770,90,91
2771,91,149
2772,91,408
2773,92,93
2774,92,94
2775,92,95
2776,93,94
2777,93,95
2778,94,232
2779,94,310
2780,94,636
2781,94,809
2782,94,95
2783,96,222
2784,96,288
2785,96,313
2786,96,314
2787,96,315
2788,97,99
2789,98,99
2790,99,100
