0,1,1
1,1,2
2,1,3
3,1,4
4,2,5
5,2,6
6,2,7
7,2,8
8,2,9
9,2,10
10,2,11
11,2,12
12,2,13
13,2,14
14,2,15
15,2,16
16,2,17
17,2,18
18,2,19
19,2,20
20,2,21
21,2,22
22,2,23
23,2,24
24,2,25
25,2,26
26,3,27
27,4,24
28,5,19
29,6,28
30,7,29
31,8,30
32,9,31
33,10,32
34,10,33
35,10,34
36,10,35
37,10,36
38,10,37
39,10,38
40,10,39
41,11,31
42,12,40
43,12,41
44,12,42
45,13,42
46,14,42
47,15,43
48,16,44
49,17,45
50,17,46
51,17,47
52,17,48
53,17,49
54,18,50
55,19,51
56,20,51
57,21,52
58,21,53
59,22,54
60,23,55
61,24,56
62,25,56
63,26,57
64,27,58
65,28,59
66,29,60
67,30,61
68,31,62
69,32,63
70,33,8
71,33,10
72,34,64
73,35,63
74,36,65
75,37,66
76,37,67
77,37,65
78,37,68
79,37,69
80,37,70
81,37,71
82,37,72
83,38,73
84,39,22
85,40,74
86,40,75
87,41,76
88,41,75
89,42,30
90,43,77
91,44,78
92,45,79
93,45,80
94,46,81
95,46,82
96,47,83
97,48,84
98,48,24
99,49,85
100,50,86
101,51,87
102,51,88
103,51,89
104,51,90
105,51,91
106,51,92
107,52,93
108,53,94
109,54,95
110,54,96
111,54,97
112,54,94
113,55,79
114,56,98
115,56,99
116,56,100
117,56,101
118,56,102
119,56,103
120,56,34
121,56,104
122,56,105
123,56,106
124,56,107
125,56,108
126,56,109
127,56,110
128,57,50
129,57,104
130,57,108
131,58,50
132,58,108
133,59,110
134,60,111
135,61,112
136,62,113
137,62,114
138,62,115
139,62,116
140,62,117
141,62,64
142,63,118
143,64,119
144,65,120
145,66,36
146,67,12
147,67,15
148,67,16
149,67,20
150,68,121
151,69,35
152,70,35
153,71,73
154,72,122
155,73,28
156,73,43
157,74,123
158,74,122
159,74,124
160,74,125
161,74,90
162,74,91
163,74,110
164,75,126
165,76,95
166,77,98
167,77,127
168,78,128
169,78,129
170,79,130
171,79,131
172,79,132
173,79,133
174,79,134
175,79,135
176,80,78
177,81,39
178,82,136
179,82,39
180,82,57
181,83,137
182,84,138
183,85,139
184,86,140
185,87,141
186,87,142
187,87,143
188,87,144
189,88,126
190,88,145
191,88,146
192,88,147
193,88,148
194,88,149
195,88,75
196,88,72
197,89,150
198,89,146
199,89,148
200,90,20
201,91,46
202,92,151
203,93,3
204,94,152
205,95,95
206,96,92
207,97,28
208,97,43
209,98,153
210,99,154
211,100,155
212,101,155
213,101,70
214,102,156
215,103,157
216,104,158
217,104,159
218,105,160
219,106,161
220,106,58
221,106,157
222,107,162
223,108,163
224,108,164
225,108,165
226,108,166
227,108,167
228,108,168
229,109,165
230,110,169
231,111,169
232,112,170
233,112,171
234,112,90
235,112,172
236,113,80
237,114,28
238,114,95
239,115,173
240,115,174
241,115,175
242,115,176
243,115,177
244,115,178
245,115,179
246,115,180
247,115,181
248,116,88
249,117,182
250,117,183
251,118,184
252,119,184
253,119,185
254,120,186
255,121,65
256,122,187
257,123,188
258,124,189
259,125,190
260,126,191
261,127,192
262,128,193
263,128,194
264,128,195
265,128,196
266,128,110
267,128,197
268,129,193
269,129,198
270,129,199
271,129,200
272,129,186
273,130,36
274,131,201
275,131,189
276,131,202
277,131,203
278,132,182
279,133,204
280,134,204
281,135,205
282,136,206
283,137,207
284,138,208
285,139,38
286,140,158
287,141,209
288,142,210
289,143,130
290,144,211
291,145,62
292,145,152
293,146,212
294,146,213
295,146,214
296,146,62
297,146,152
298,146,215
299,146,216
300,146,217
301,147,218
302,148,219
303,149,153
304,150,187
305,151,172
306,152,220
307,152,189
308,152,139
309,153,221
310,154,39
311,155,222
312,155,223
313,155,224
314,155,199
315,155,200
316,156,56
317,157,152
318,158,225
319,159,101
320,159,207
321,159,226
322,159,227
323,159,228
324,159,229
325,159,230
326,160,207
327,161,147
328,162,231
329,162,39
330,163,86
331,164,232
332,165,111
333,166,116
334,167,233
335,167,39
336,168,234
337,169,235
338,170,161
339,171,102
340,171,236
341,172,237
342,173,238
343,174,222
344,174,223
345,174,239
346,174,240
347,175,228
348,176,151
349,177,56
350,178,43
351,179,241
352,180,165
353,181,242
354,182,215
355,183,243
356,184,232
357,184,72
358,185,43
359,186,22
360,187,216
361,188,244
362,189,245
363,190,246
364,190,247
365,190,126
366,190,248
367,190,249
368,190,250
369,191,57
370,192,251
371,193,252
372,194,253
373,195,60
374,196,60
375,197,254
376,198,212
377,199,255
378,199,256
379,200,72
380,201,257
381,202,245
382,202,218
383,202,140
384,203,258
385,204,259
386,205,98
387,206,225
388,207,260
389,208,155
390,209,261
391,210,225
392,211,14
393,212,238
394,213,262
395,214,263
396,214,27
397,214,264
398,214,265
399,214,266
400,214,238
401,214,267
402,215,268
403,216,264
404,216,268
405,216,267
406,217,269
407,218,270
408,219,153
409,219,270
410,219,271
411,220,119
412,220,272
413,220,273
414,220,274
415,220,275
416,220,276
417,220,277
418,220,278
419,220,279
420,220,280
421,220,281
422,220,282
423,220,283
424,220,284
425,220,285
426,220,286
427,220,287
428,221,288
429,221,81
430,221,289
431,221,290
432,222,291
433,223,6
434,224,39
435,225,32
436,225,292
437,225,39
438,226,293
439,227,294
440,228,295
441,229,296
442,230,225
443,231,297
444,232,297
445,233,116
446,234,97
447,235,97
448,236,298
449,237,299
450,238,300
451,239,78
452,240,301
453,241,302
454,242,303
455,242,138
456,242,304
457,242,305
458,242,284
459,243,173
460,243,306
461,244,155
462,244,75
463,245,307
464,245,308
465,245,309
466,246,112
467,247,310
468,247,232
469,248,311
470,249,204
471,249,312
472,250,43
473,251,298
474,252,225
475,253,313
476,253,314
477,254,271
478,255,138
479,256,161
480,257,315
481,258,316
482,259,317
483,260,152
484,261,318
485,262,114
486,263,319
487,264,263
488,264,282
489,265,320
490,266,321
491,267,322
492,267,323
493,268,324
494,269,146
495,269,240
496,270,206
497,271,325
498,272,47
499,273,326
500,274,46
501,275,111
502,276,225
503,277,327
504,277,296
505,277,328
506,277,329
507,277,330
508,277,331
509,277,47
510,278,95
511,279,166
512,280,332
513,281,63
514,282,33
515,283,333
516,283,251
517,284,101
518,284,229
519,285,36
520,286,24
521,287,24
522,288,334
523,289,36
524,290,225
525,291,335
526,291,334
527,291,336
528,291,337
529,291,77
530,291,46
531,291,338
532,292,339
533,293,340
534,294,248
535,294,257
536,295,175
537,296,341
538,297,341
539,297,107
540,298,341
541,299,30
542,299,77
543,300,26
544,301,255
545,302,50
546,303,104
547,303,107
548,303,108
549,304,78
550,304,314
551,304,342
552,304,23
553,305,313
554,305,14
555,306,43
556,307,181
557,308,343
558,309,17
559,310,344
560,311,161
561,312,345
562,313,169
563,313,346
564,314,343
565,315,347
566,315,348
567,316,71
568,317,217
569,318,293
570,319,82
571,320,11
572,321,301
573,322,332
574,323,349
575,324,300
576,325,350
577,326,67
578,326,65
579,327,269
580,328,69
581,329,248
582,330,136
583,331,258
584,331,39
585,332,39
586,333,351
587,333,352
588,333,117
589,333,353
590,334,241
591,334,322
592,335,40
593,335,151
594,336,40
595,336,354
596,336,322
597,336,355
598,336,356
599,336,357
600,336,46
601,336,358
602,336,4
603,337,67
604,338,14
605,338,25
606,339,161
607,340,161
608,341,359
609,342,360
610,343,300
611,343,111
612,343,361
613,343,39
614,344,362
615,344,363
616,344,315
617,344,364
618,344,365
619,345,366
620,345,367
621,345,340
622,345,368
623,346,95
624,347,52
625,348,68
626,349,290
627,350,369
628,351,370
629,351,129
630,351,321
631,351,371
632,352,372
633,352,302
634,352,373
635,353,374
636,354,375
637,354,376
638,355,162
639,356,79
640,356,187
641,356,377
642,356,14
643,356,80
644,356,23
645,356,378
646,356,379
647,356,162
648,356,380
649,356,206
650,357,266
651,357,381
652,358,217
653,359,279
654,360,24
655,361,14
656,361,19
657,362,220
658,362,115
659,362,319
660,363,61
661,363,382
662,363,109
663,364,152
664,365,43
665,365,383
666,366,36
667,367,251
668,368,87
669,369,211
670,370,384
671,370,211
672,370,385
673,371,386
674,371,387
675,372,301
676,373,388
677,374,33
678,375,282
679,376,60
680,377,88
681,378,263
682,379,389
683,380,390
684,381,391
685,381,86
686,381,158
687,381,392
688,381,393
689,381,394
690,382,391
691,383,392
692,384,83
693,384,154
694,384,343
695,384,269
696,384,262
697,384,353
698,385,372
699,386,161
700,387,236
701,388,395
702,389,181
703,390,396
704,391,206
705,392,277
706,392,397
707,392,398
708,393,397
709,394,399
710,395,400
711,396,401
712,396,93
713,396,402
714,396,188
715,396,110
716,397,153
717,397,403
718,397,188
719,397,332
720,398,138
721,398,304
722,399,232
723,400,46
724,400,404
725,401,24
726,402,405
727,403,406
728,404,407
729,404,408
730,404,189
731,404,55
732,404,169
733,404,51
734,404,409
735,404,73
736,404,405
737,404,406
738,405,410
739,405,55
740,405,169
741,405,411
742,406,318
743,406,189
744,406,120
745,407,51
746,408,153
747,409,95
748,410,412
749,410,369
750,410,274
751,410,413
752,411,414
753,411,415
754,411,416
755,412,104
756,412,106
757,413,95
758,413,218
759,413,417
760,413,418
761,413,383
762,413,419
763,414,420
764,414,388
765,414,339
766,414,421
767,414,349
768,414,320
769,414,422
770,415,407
771,415,408
772,416,290
773,417,61
774,418,79
775,418,187
776,419,44
777,420,423
778,420,424
779,421,425
780,422,425
781,423,425
782,424,81
783,424,47
784,425,43
785,425,95
786,425,426
787,425,427
788,425,428
789,425,429
790,425,218
791,425,59
792,425,430
793,425,417
794,425,96
795,425,235
796,425,431
797,425,110
798,425,419
799,425,432
800,425,317
801,425,94
802,426,398
803,427,294
804,428,433
805,429,434
806,430,435
807,431,257
808,432,33
809,433,80
810,434,436
811,435,437
812,435,39
813,436,161
814,437,405
815,437,406
816,438,87
817,439,263
818,439,14
819,439,432
820,440,181
821,441,433
822,441,185
823,442,438
824,443,225
825,444,78
826,445,78
827,446,78
828,447,94
829,448,241
830,449,95
831,449,21
832,450,439
833,451,114
834,452,440
835,452,117
836,452,441
837,453,442
838,454,442
839,454,390
840,455,442
841,456,67
842,457,181
843,458,443
844,459,77
845,460,413
846,461,388
847,462,62
848,463,62
849,464,62
850,465,251
851,466,54
852,466,309
853,466,242
854,467,29
855,468,112
856,469,262
857,470,249
858,470,44
859,471,22
860,472,189
861,472,444
862,472,445
863,473,153
864,474,446
865,474,447
866,474,389
867,474,448
868,474,449
869,474,450
870,474,219
871,474,451
872,474,117
873,475,14
874,476,410
875,476,405
876,477,153
877,478,243
878,479,161
879,480,30
880,481,388
881,481,262
882,482,435
883,483,339
884,484,153
885,485,452
886,486,29
887,487,153
888,488,447
889,489,190
890,490,453
891,490,432
892,491,451
893,492,451
894,493,50
895,494,212
896,495,13
897,496,112
898,497,454
899,497,455
900,497,28
901,497,456
902,497,43
903,497,95
904,497,383
905,497,210
906,497,287
907,498,14
908,499,19
909,500,457
910,501,458
911,502,459
912,502,460
913,502,461
914,502,458
915,502,457
916,503,344
917,504,115
918,505,116
919,506,86
920,507,356
921,508,382
922,509,361
923,510,445
924,511,90
925,511,172
926,512,462
927,512,463
928,512,221
929,513,464
930,513,465
931,514,384
932,514,466
933,514,467
934,514,468
935,514,469
936,514,45
937,514,46
938,514,48
939,514,49
940,514,470
941,514,320
942,515,471
943,515,472
944,515,125
945,515,299
946,516,435
947,517,97
948,518,371
949,519,361
950,520,36
951,521,473
952,522,155
953,523,72
954,524,295
955,524,469
956,525,61
957,526,206
958,527,61
959,528,26
960,529,370
961,530,442
962,531,474
963,531,194
964,531,195
965,531,401
966,531,475
967,531,402
968,531,196
969,531,110
970,531,197
971,531,476
972,532,477
973,532,478
974,533,198
975,533,461
976,533,196
977,533,479
978,533,360
979,533,110
980,534,480
981,535,481
982,536,204
983,536,482
984,536,53
985,536,208
986,536,47
987,537,214
988,538,297
989,539,80
990,540,483
991,541,214
992,542,78
993,543,484
994,543,284
995,543,485
996,544,36
997,545,36
998,546,212
999,547,296
1000,548,486
1001,549,487
1002,549,31
1003,549,52
1004,549,486
1005,549,121
1006,549,436
1007,549,60
1008,550,91
1009,551,452
1010,552,245
1011,553,219
1012,554,202
1013,555,393
1014,556,42
1015,557,29
1016,558,370
1017,559,290
1018,560,318
1019,561,488
1020,561,489
1021,562,153
1022,563,14
1023,563,480
1024,564,480
1025,565,272
1026,566,43
1027,567,490
1028,567,82
1029,567,395
1030,568,35
1031,568,37
1032,569,50
1033,570,41
1034,571,67
1035,572,460
1036,572,461
1037,572,479
1038,572,491
1039,572,492
1040,572,360
1041,572,110
1042,573,441
1043,574,459
1044,575,438
1045,576,206
1046,577,191
1047,577,259
1048,577,443
1049,577,467
1050,577,438
1051,578,23
1052,579,242
1053,580,60
1054,581,493
1055,582,35
1056,583,494
1057,584,425
1058,584,119
1059,584,374
1060,585,246
1061,586,379
1062,587,26
1063,588,227
1064,589,187
1065,590,187
1066,591,176
1067,592,495
1068,592,252
1069,592,253
1070,592,496
1071,592,497
1072,592,351
1073,592,352
1074,592,498
1075,592,353
1076,593,166
1077,594,344
1078,595,28
1079,596,499
1080,597,238
1081,598,216
1082,599,435
1083,600,500
1084,600,307
1085,600,244
1086,600,501
1087,601,438
1088,602,173
1089,603,19
1090,604,114
1091,605,437
1092,606,43
1093,607,56
1094,608,13
1095,609,122
1096,610,189
1097,611,296
1098,612,293
1099,613,59
1100,613,480
1101,613,419
1102,614,97
1103,615,294
1104,616,152
1105,617,290
1106,618,262
1107,619,257
1108,620,19
1109,621,136
1110,622,502
1111,623,290
1112,624,503
1113,625,138
1114,626,236
1115,627,504
1116,628,379
1117,629,206
1118,630,187
1119,631,87
1120,632,82
1121,633,174
1122,633,177
1123,634,177
1124,634,291
1125,635,505
1126,636,124
1127,636,63
1128,636,506
1129,637,95
1130,637,303
1131,638,57
1132,639,87
1133,640,245
1134,641,107
1135,642,507
1136,642,508
1137,642,505
1138,642,434
1139,642,344
1140,643,413
1141,644,83
1142,645,394
1143,646,413
1144,647,28
1145,648,29
1146,649,502
1147,649,94
1148,650,308
1149,651,87
1150,652,292
1151,652,174
1152,653,271
1153,654,332
1154,655,413
1155,656,453
1156,657,79
1157,658,234
1158,659,293
1159,659,442
1160,659,234
1161,659,141
1162,659,142
1163,659,143
1164,659,81
1165,659,144
1166,659,509
1167,660,6
1168,661,14
1169,662,510
1170,662,112
1171,663,511
1172,663,400
1173,663,512
1174,664,513
1175,664,358
1176,665,14
1177,666,480
1178,666,280
1179,667,487
1180,668,187
1181,669,187
1182,670,236
1183,671,346
1184,672,161
1185,673,161
1186,674,289
1187,675,85
1188,676,316
1189,676,396
1190,677,78
1191,678,262
1192,679,100
1193,680,514
1194,680,515
1195,680,156
1196,680,254
1197,681,316
1198,681,514
1199,681,515
1200,681,297
1201,681,309
1202,682,316
1203,683,70
1204,684,97
1205,685,516
1206,686,274
1207,686,413
1208,686,516
1209,687,442
1210,688,442
1211,689,44
1212,690,517
1213,690,23
1214,690,348
1215,690,518
1216,690,183
1217,690,519
1218,690,160
1219,691,375
1220,692,495
1221,692,520
1222,693,99
1223,694,2
1224,695,95
1225,695,521
1226,695,417
1227,695,260
1228,695,376
1229,695,418
1230,695,140
1231,695,522
1232,695,110
1233,695,523
1234,695,424
1235,696,362
1236,696,524
1237,696,481
1238,696,525
1239,696,508
1240,696,364
1241,696,365
1242,696,526
1243,696,527
1244,697,52
1245,698,153
1246,699,153
1247,700,233
1248,701,97
1249,702,528
1250,702,481
1251,703,365
1252,704,405
1253,705,529
1254,706,530
1255,707,192
1256,708,530
1257,709,168
1258,710,11
1259,711,60
1260,712,390
1261,713,126
1262,714,41
1263,715,531
1264,715,59
1265,715,417
1266,715,532
1267,715,490
1268,715,85
1269,715,140
1270,715,118
1271,715,533
1272,715,110
1273,715,419
1274,715,432
1275,716,5
1276,717,320
1277,718,494
1278,719,310
1279,719,435
1280,719,112
1281,720,435
1282,721,310
1283,722,169
1284,723,530
1285,723,534
1286,723,278
1287,724,444
1288,725,287
1289,726,153
1290,727,380
1291,728,321
1292,729,119
1293,729,263
1294,729,137
1295,729,277
1296,729,535
1297,729,167
1298,729,432
1299,729,261
1300,730,257
1301,731,379
1302,731,380
1303,732,378
1304,733,315
1305,734,221
1306,735,300
1307,736,29
1308,736,243
1309,736,151
1310,736,294
1311,736,356
1312,736,399
1313,737,301
1314,738,203
1315,739,333
1316,739,416
1317,740,311
1318,740,251
1319,740,416
1320,741,97
1321,742,290
1322,743,110
1323,744,515
1324,744,309
1325,745,514
1326,746,156
1327,746,254
1328,746,309
1329,747,40
1330,748,153
1331,749,227
1332,750,324
1333,751,271
1334,752,484
1335,753,114
1336,754,313
1337,755,370
1338,756,1
1339,757,332
1340,758,536
1341,758,537
1342,759,155
1343,760,63
1344,761,86
1345,762,315
1346,763,77
1347,763,538
1348,763,56
1349,763,345
1350,764,517
1351,764,503
1352,764,396
1353,765,468
1354,766,349
1355,767,130
1356,767,131
1357,767,494
1358,767,132
1359,767,134
1360,767,135
1361,768,19
1362,769,385
1363,770,87
1364,771,342
1365,772,82
1366,773,11
1367,774,460
1368,774,110
1369,775,539
1370,775,110
1371,776,58
1372,776,110
1373,777,110
1374,778,540
1375,778,110
1376,779,52
1377,779,439
1378,780,262
1379,781,24
1380,782,14
1381,783,487
1382,783,31
1383,784,398
1384,785,53
1385,786,157
1386,787,104
1387,788,259
1388,788,173
1389,788,467
1390,788,541
1391,788,452
1392,789,541
1393,790,248
1394,791,248
1395,792,199
1396,793,378
1397,793,379
1398,794,378
1399,795,43
1400,796,50
1401,797,536
1402,797,368
1403,797,537
1404,797,387
1405,797,68
1406,797,71
1407,797,72
1408,798,189
1409,799,542
1410,800,509
1411,801,535
1412,802,114
1413,803,28
1414,804,217
1415,805,515
1416,806,22
1417,807,116
1418,808,204
1419,809,347
1420,809,326
1421,809,160
1422,810,326
1423,811,235
1424,811,266
1425,811,543
1426,811,110
1427,811,544
1428,812,334
1429,812,112
1430,812,46
1431,812,545
1432,813,373
1433,814,166
1434,815,511
1435,815,513
1436,815,529
1437,815,546
1438,815,308
1439,815,489
1440,815,473
1441,815,525
1442,815,400
1443,815,133
1444,815,359
1445,815,185
1446,815,47
1447,815,547
1448,815,548
1449,815,352
1450,815,549
1451,815,499
1452,815,550
1453,815,551
1454,815,404
1455,815,512
1456,815,160
1457,815,415
1458,815,256
1459,816,153
1460,817,251
1461,818,474
1462,818,493
1463,818,190
1464,819,501
1465,820,19
1466,821,324
1467,821,519
1468,822,112
1469,823,227
1470,824,171
1471,825,399
1472,826,300
1473,827,265
1474,828,298
1475,829,271
